0	1
0.016	1
0.047	0.999999
0.063	0.999998
0.078	0.999995
0.109	0.999982
0.125	0.999969
0.141	0.999951
0.172	0.999891
0.188	0.999844
0.203	0.999788
0.234	0.999625
0.25	0.999512
0.266	0.999374
0.297	0.999028
0.313	0.998801
0.328	0.998554
0.344	0.99825
0.375	0.99753
0.391	0.997081
0.406	0.996607
0.422	0.99604
0.453	0.994744
0.469	0.993963
0.484	0.993155
0.5	0.992206
0.531	0.990092
0.547	0.988847
0.563	0.987489
0.594	0.984511
0.609	0.982894
0.625	0.981035
0.641	0.97903
0.672	0.974703
0.688	0.972227
0.703	0.969747
0.734	0.964109
0.75	0.960914
0.766	0.957514
0.781	0.954135
0.813	0.946273
0.828	0.942268
0.844	0.937761
0.859	0.933308
0.891	0.923046
0.906	0.917863
0.938	0.905978
0.953	0.900005
0.969	0.893342
1	0.879548
1.016	0.87196
1.031	0.864548
1.063	0.84775
1.078	0.839404
1.094	0.830161
1.109	0.821173
1.141	0.800938
1.156	0.790947
1.172	0.779931
1.188	0.768539
1.219	0.745392
1.234	0.733678
1.25	0.720812
1.281	0.694793
1.297	0.6808
1.313	0.666424
1.328	0.6526
1.359	0.622975
1.375	0.607133
1.391	0.590922
1.406	0.575391
1.438	0.541202
1.453	0.524692
1.469	0.506749
1.5	0.471037
1.516	0.452132
1.531	0.434128
1.547	0.414632
1.578	0.376045
1.594	0.355731
1.609	0.336454
1.625	0.315657
1.656	0.27472
1.672	0.253287
1.688	0.231666
1.703	0.211238
1.734	0.168595
1.75	0.146391
1.781	0.103068
1.797	0.0805845
1.813	0.0580394
1.828	0.0368626
1.859	-0.00696542
1.875	-0.0295864
1.891	-0.0521848
1.906	-0.0733347
1.938	-0.118272
1.953	-0.13922
1.969	-0.161462
2	-0.204193
2.016	-0.22603
2.031	-0.246349
2.047	-0.267844
2.078	-0.308914
2.094	-0.329787
2.109	-0.349139
2.141	-0.38967
2.156	-0.408296
2.172	-0.427886
2.188	-0.447179
2.219	-0.483676
2.234	-0.500903
2.25	-0.518954
2.281	-0.552954
2.297	-0.569986
2.313	-0.586658
2.328	-0.601956
2.359	-0.632542
2.375	-0.647777
2.391	-0.662633
2.422	-0.690331
2.438	-0.704064
2.453	-0.71659
2.469	-0.729579
2.5	-0.753656
2.531	-0.776305
2.547	-0.787442
2.563	-0.798207
2.594	-0.818015
2.609	-0.827111
2.625	-0.836467
2.641	-0.845472
2.672	-0.861936
2.688	-0.869939
2.703	-0.877141
2.734	-0.891132
2.75	-0.897894
2.766	-0.904352
2.781	-0.910137
2.813	-0.921636
2.828	-0.926645
2.844	-0.931728
2.875	-0.940844
2.891	-0.945186
2.906	-0.949041
2.922	-0.952931
2.953	-0.959843
2.969	-0.963103
2.984	-0.965978
3.016	-0.971556
3.031	-0.973924
3.047	-0.976286
3.063	-0.978485
3.094	-0.982311
3.109	-0.983969
3.125	-0.985607
3.156	-0.988422
3.172	-0.989703
3.188	-0.990875
3.203	-0.99188
3.234	-0.993694
3.25	-0.994502
3.266	-0.995229
3.297	-0.996432
3.313	-0.996955
3.328	-0.997391
3.344	-0.997803
3.375	-0.998461
3.391	-0.998736
3.406	-0.998958
3.422	-0.999162
3.453	-0.99947
3.469	-0.999591
3.484	-0.999684
3.516	-0.999829
3.531	-0.999877
3.547	-0.999915
3.563	-0.999944
3.594	-0.999979
3.609	-0.999988
3.625	-0.999994
3.641	-0.999997
3.672	-1
3.688	-1
3.703	-1
3.734	-1
3.75	-0.999999
3.766	-0.999998
3.781	-0.999996
3.813	-0.999985
3.828	-0.999974
3.844	-0.999957
3.875	-0.999903
3.891	-0.99986
3.906	-0.999808
3.922	-0.999738
3.953	-0.999551
3.969	-0.999421
3.984	-0.999276
4.016	-0.998877
4.031	-0.998642
4.047	-0.998353
4.063	-0.998019
4.094	-0.997231
4.109	-0.996776
4.125	-0.99623
4.156	-0.994979
4.172	-0.994223
4.188	-0.993386
4.219	-0.991508
4.234	-0.990469
4.25	-0.989259
4.281	-0.986593
4.297	-0.985038
4.313	-0.983353
4.328	-0.981649
4.359	-0.97772
4.375	-0.975463
4.391	-0.973042
4.422	-0.967854
4.438	-0.964905
4.453	-0.961964
4.469	-0.958631
4.5	-0.95157
4.516	-0.9476
4.531	-0.943666
4.547	-0.939238
4.578	-0.929947
4.594	-0.924769
4.609	-0.91967
4.625	-0.913962
4.656	-0.902085
4.672	-0.895519
4.688	-0.888648
4.719	-0.874437
4.734	-0.867125
4.75	-0.859004
4.781	-0.842303
4.797	-0.833174
4.813	-0.823691
4.828	-0.814475
4.859	-0.794413
4.875	-0.783517
4.891	-0.772246
4.906	-0.761338
4.938	-0.736951
4.953	-0.724994
4.969	-0.711868
5	-0.685345
5.016	-0.671092
5.031	-0.657383
5.047	-0.642391
5.078	-0.612272
5.094	-0.596179
5.109	-0.580758
5.141	-0.546799
5.156	-0.530394
5.172	-0.51256
5.188	-0.494389
5.219	-0.458251
5.234	-0.440339
5.25	-0.420939
5.281	-0.382527
5.297	-0.362297
5.313	-0.341808
5.344	-0.301421
5.359	-0.281576
5.375	-0.260206
5.391	-0.238644
5.422	-0.196374
5.438	-0.174333
5.453	-0.153549
5.469	-0.131268
5.5	-0.0878276
5.516	-0.0653005
5.531	-0.0441355
5.563	0.00109777
5.578	0.0223082
5.594	0.0449157
5.609	0.0660793
5.641	0.111062
5.656	0.132039
5.672	0.154317
5.688	0.176477
5.719	0.21902
5.734	0.239391
5.75	0.260947
5.781	0.302149
5.797	0.323095
5.813	0.343807
5.828	0.363
5.859	0.40193
5.875	0.421613
5.891	0.441003
5.922	0.477697
5.938	0.496167
5.953	0.513182
5.969	0.531003
6	0.564543
6.016	0.581332
6.031	0.596741
6.063	0.628529
6.078	0.642915
6.094	0.657894
6.109	0.67159
6.141	0.699686
6.156	0.712328
6.172	0.725441
6.203	0.749756
6.219	0.761746
6.234	0.772642
6.266	0.794783
6.281	0.80465
6.297	0.81482
6.313	0.824626
6.344	0.842612
6.359	0.850843
6.375	0.85929
6.406	0.874701
6.422	0.882174
6.438	0.889328
6.453	0.895751
6.484	0.90818
6.5	0.914163
6.516	0.919862
6.531	0.924952
6.563	0.935027
6.578	0.939395
6.594	0.943814
6.625	0.951703
6.641	0.955441
6.656	0.958749
6.672	0.962075
6.703	0.967952
6.719	0.970708
6.734	0.973128
6.766	0.977794
6.781	0.979761
6.797	0.981713
6.813	0.983522
6.844	0.986644
6.859	0.987985
6.875	0.989302
6.891	0.990509
6.922	0.992554
6.938	0.99347
6.953	0.99425
6.984	0.995639
7	0.996249
7.016	0.996793
7.047	0.997676
7.063	0.998053
7.078	0.998363
7.109	0.998885
7.125	0.999099
7.141	0.999281
7.172	0.999554
7.188	0.99966
7.203	0.99974
7.219	0.99981
7.25	0.999903
7.266	0.999935
7.281	0.999957
7.297	0.999974
7.328	0.999991
7.344	0.999996
7.359	0.999998
7.391	0.999999
7.406	0.999999
7.422	0.999999
7.438	0.999999
7.469	0.999998
7.484	0.999996
7.5	0.999993
7.516	0.999987
7.547	0.999963
7.563	0.999941
7.578	0.999914
7.594	0.999874
7.625	0.999762
7.641	0.99968
7.656	0.999586
7.688	0.999318
7.703	0.999155
7.719	0.99895
7.75	0.99845
7.766	0.998131
7.781	0.997789
7.797	0.997375
7.828	0.996412
7.844	0.995821
7.859	0.995205
7.875	0.994474
7.906	0.992826
7.922	0.991844
7.938	0.990765
7.969	0.988375
7.984	0.987066
8	0.985552
8.016	0.983909
8.047	0.980337
8.063	0.978278
8.078	0.976206
8.109	0.971466
8.125	0.968762
8.141	0.965874
8.156	0.962993
8.188	0.956251
8.203	0.952799
8.219	0.948902
8.25	0.940689
8.266	0.936094
8.281	0.931556
8.297	0.926464
8.328	0.915829
8.344	0.909928
8.359	0.904134
8.375	0.897665
8.406	0.884261
8.422	0.876881
8.438	0.869176
8.469	0.853304
8.484	0.845166
8.5	0.83615
8.516	0.826781
8.547	0.807609
8.563	0.797178
8.578	0.787064
8.594	0.775914
8.625	0.753239
8.641	0.740978
8.656	0.729136
8.672	0.716134
8.703	0.689849
8.719	0.67572
8.75	0.647257
8.766	0.632009
8.781	0.617372
8.797	0.601398
8.828	0.569403
8.844	0.552359
8.859	0.536059
8.875	0.518336
8.906	0.483036
8.922	0.464336
8.938	0.44532
8.969	0.407614
8.984	0.388979
9	0.368836
9.016	0.348429
9.047	0.308189
9.063	0.287083
9.078	0.267104
9.109	0.225278
9.125	0.203436
9.141	0.181441
9.156	0.160695
9.188	0.116098
9.203	0.0950631
9.219	0.0725558
9.25	0.0288049
9.266	0.0061834
9.281	-0.0150289
9.313	-0.0602299
9.328	-0.0813627
9.344	-0.103844
9.359	-0.124848
9.391	-0.16936
9.406	-0.190057
9.422	-0.211994
9.438	-0.233772
9.469	-0.275458
9.484	-0.29536
9.5	-0.31638
9.531	-0.356438
9.547	-0.376743
9.563	-0.39678
9.594	-0.434796
9.609	-0.452791
9.625	-0.471685
9.656	-0.507375
9.672	-0.525306
9.688	-0.542894
9.719	-0.575969
9.734	-0.591488
9.75	-0.607687
9.781	-0.638015
9.797	-0.653115
9.813	-0.667836
9.828	-0.681289
9.859	-0.708027
9.875	-0.721263
9.891	-0.734115
9.922	-0.757929
9.938	-0.769661
9.953	-0.780317
9.969	-0.791321
10	-0.811587
10.016	-0.82151
10.031	-0.830486
10.063	-0.848597
10.078	-0.856609
10.094	-0.864826
10.109	-0.872227
10.141	-0.88706
10.156	-0.893577
10.172	-0.900229
10.203	-0.912269
10.219	-0.918058
10.234	-0.923231
10.25	-0.928486
10.281	-0.93792
10.297	-0.942418
10.313	-0.946675
10.344	-0.954262
10.359	-0.957634
10.375	-0.961027
10.391	-0.964215
10.422	-0.96984
10.438	-0.972473
10.453	-0.974784
10.469	-0.977087
10.5	-0.9811
10.516	-0.982955
10.531	-0.984567
10.563	-0.987624
10.578	-0.98889
10.594	-0.990131
10.609	-0.991198
10.641	-0.993184
10.656	-0.99399
10.672	-0.994768
10.688	-0.995469
10.719	-0.996624
10.734	-0.997096
10.75	-0.997543
10.781	-0.99826
10.797	-0.998562
10.813	-0.998822
10.844	-0.999225
10.859	-0.999378
10.875	-0.999514
10.891	-0.999627
10.922	-0.999788
10.938	-0.999847
10.953	-0.99989
10.969	-0.999925
11	-0.999968
11.016	-0.999981
11.031	-0.999988
11.063	-0.999996
11.078	-0.999997
11.094	-0.999998
11.109	-0.999998
11.141	-0.999998
11.156	-0.999998
11.172	-0.999997
11.188	-0.999996
11.219	-0.999988
11.234	-0.99998
11.25	-0.999967
11.281	-0.999923
11.297	-0.999887
11.313	-0.99984
11.328	-0.999783
11.359	-0.999619
11.375	-0.999505
11.391	-0.999367
11.406	-0.999212
11.438	-0.99879
11.453	-0.998542
11.469	-0.998237
11.5	-0.997513
11.516	-0.997062
11.531	-0.996586
11.547	-0.996018
11.578	-0.994717
11.594	-0.993933
11.609	-0.993121
11.625	-0.992169
11.656	-0.990049
11.672	-0.9888
11.688	-0.987437
11.703	-0.986052
11.734	-0.98283
11.75	-0.980966
11.781	-0.976932
11.797	-0.974618
11.813	-0.972136
11.828	-0.969651
11.859	-0.964
11.875	-0.960798
11.891	-0.957391
11.906	-0.954005
11.938	-0.946127
11.953	-0.942114
11.969	-0.937599
12	-0.92813
12.016	-0.922857
12.031	-0.917666
12.047	-0.911857
12.078	-0.899778
12.094	-0.893104
12.109	-0.886568
12.141	-0.87169
12.156	-0.864268
12.172	-0.856027
12.188	-0.847446
12.219	-0.829834
12.234	-0.820834
12.25	-0.810886
12.281	-0.790571
12.297	-0.779542
12.313	-0.768137
12.328	-0.757102
12.359	-0.733238
12.375	-0.720359
12.391	-0.707096
12.422	-0.680308
12.438	-0.665918
12.453	-0.652082
12.469	-0.636955
12.5	-0.606578
12.516	-0.590353
12.531	-0.57481
12.563	-0.540597
12.578	-0.524076
12.594	-0.506121
12.609	-0.488984
12.641	-0.451472
12.656	-0.433457
12.672	-0.413952
12.703	-0.375346
12.719	-0.355023
12.734	-0.335738
12.766	-0.293897
12.781	-0.273981
12.797	-0.252541
12.813	-0.230913
12.844	-0.188533
12.859	-0.167827
12.875	-0.145619
12.891	-0.1233
12.922	-0.079804
12.938	-0.0572571
12.953	-0.0360791
12.984	0.00774965
13	0.0303702
13.016	0.0529674
13.031	0.0741158
13.063	0.119048
13.078	0.139993
13.094	0.162231
13.125	0.204953
13.141	0.226784
13.156	0.247097
13.172	0.268586
13.203	0.309642
13.219	0.330507
13.234	0.34985
13.266	0.390363
13.281	0.40898
13.297	0.42856
13.313	0.447842
13.344	0.484319
13.359	0.501534
13.375	0.519574
13.391	0.537273
13.422	0.570569
13.438	0.587229
13.453	0.602516
13.484	0.633076
13.5	0.648298
13.516	0.663141
13.531	0.67671
13.563	0.704533
13.578	0.717046
13.594	0.730022
13.609	0.741839
13.641	0.765927
13.656	0.776697
13.672	0.787821
13.688	0.798573
13.719	0.818356
13.734	0.82744
13.75	0.836785
13.781	0.853892
13.797	0.862218
13.813	0.870209
13.844	0.88476
13.859	0.89137
13.875	0.898122
13.891	0.904569
13.922	0.916226
13.938	0.921824
13.953	0.926824
13.969	0.931898
14	0.940997
14.016	0.94533
14.031	0.949178
14.063	0.95672
14.078	0.959957
14.094	0.96321
14.109	0.966079
14.141	0.971645
14.156	0.974007
14.172	0.976363
14.203	0.980472
14.219	0.982372
14.234	0.984026
14.266	0.987164
14.297	0.989743
14.313	0.990911
14.328	0.991913
14.344	0.992889
14.375	0.994525
14.391	0.99525
14.406	0.995862
14.438	0.996969
14.453	0.997403
14.469	0.997813
14.484	0.998152
14.516	0.998741
14.531	0.998963
14.547	0.999165
14.563	0.999336
14.594	0.999591
14.609	0.999684
14.625	0.999764
14.641	0.999828
14.672	0.999913
14.688	0.999942
14.703	0.999961
14.734	0.999984
14.75	0.99999
14.766	0.999994
14.797	0.999996
14.813	0.999996
14.828	0.999996
14.844	0.999996
14.875	0.999996
14.891	0.999995
14.906	0.999993
14.922	0.999988
14.953	0.99997
14.969	0.999953
14.984	0.99993
15.016	0.999855
15.031	0.999802
15.047	0.999732
15.063	0.999644
15.094	0.999413
15.109	0.999267
15.125	0.999083
15.156	0.998629
15.172	0.998338
15.188	0.998003
15.203	0.997645
15.234	0.996754
15.25	0.996206
15.266	0.995592
15.297	0.994192
15.313	0.993352
15.328	0.992484
15.344	0.991468
15.375	0.989212
15.391	0.987887
15.406	0.986538
15.422	0.984979
15.453	0.98158
15.469	0.979618
15.484	0.977641
15.516	0.972952
15.531	0.97052
15.547	0.967752
15.563	0.964797
15.594	0.958509
15.609	0.955187
15.625	0.951434
15.641	0.947455
15.672	0.939077
15.688	0.934393
15.703	0.929769
15.734	0.919474
15.75	0.913756
15.766	0.907753
15.797	0.895284
15.813	0.888402
15.828	0.881665
15.844	0.87417
15.875	0.858714
15.891	0.850244
15.906	0.84199
15.922	0.832849
15.953	0.814125
15.969	0.803931
15.984	0.79404
16.016	0.771846
16.031	0.760926
16.047	0.74891
16.063	0.736513
16.094	0.711404
16.109	0.698738
16.125	0.684855
16.156	0.656867
16.172	0.641862
16.188	0.62648
16.203	0.611718
16.234	0.580179
16.25	0.563366
16.281	0.529779
16.297	0.511933
16.328	0.476404
16.344	0.45759
16.359	0.439668
16.375	0.420258
16.406	0.381827
16.422	0.361588
16.438	0.341091
16.453	0.321651
16.484	0.280835
16.5	0.259459
16.516	0.23789
16.531	0.217508
16.563	0.173563
16.578	0.152776
16.594	0.13049
16.625	0.0870446
16.641	0.0645154
16.656	0.043349
16.672	0.0207398
16.703	-0.0230956
16.719	-0.0457022
16.734	-0.0668644
16.75	-0.0893874
16.781	-0.132816
16.797	-0.15509
16.813	-0.177247
16.844	-0.219779
16.859	-0.240145
16.875	-0.261694
16.906	-0.302882
16.922	-0.323821
16.938	-0.344524
16.953	-0.363709
16.984	-0.40262
17	-0.422294
17.016	-0.441673
17.047	-0.478345
17.063	-0.496804
17.078	-0.513808
17.094	-0.531618
17.125	-0.565134
17.141	-0.58191
17.156	-0.597307
17.172	-0.613374
17.203	-0.643443
17.219	-0.658408
17.234	-0.672092
17.266	-0.700161
17.281	-0.71279
17.297	-0.72589
17.313	-0.738605
17.344	-0.762155
17.359	-0.773039
17.375	-0.784283
17.391	-0.795154
17.422	-0.815166
17.438	-0.82496
17.453	-0.833817
17.484	-0.851141
17.5	-0.859576
17.516	-0.867674
17.531	-0.874965
17.563	-0.88957
17.578	-0.895983
17.594	-0.902527
17.609	-0.908391
17.641	-0.920053
17.656	-0.925134
17.672	-0.930293
17.688	-0.93519
17.719	-0.943961
17.734	-0.94788
17.75	-0.951834
17.781	-0.958866
17.797	-0.962184
17.813	-0.965302
17.844	-0.970797
17.859	-0.973212
17.875	-0.975621
17.891	-0.977866
17.922	-0.981775
17.938	-0.983579
17.953	-0.985146
17.969	-0.986692
18	-0.989342
18.016	-0.990545
18.031	-0.991577
18.063	-0.993496
18.078	-0.994274
18.094	-0.995024
18.125	-0.996265
18.141	-0.996806
18.156	-0.997258
18.172	-0.997685
18.203	-0.998369
18.219	-0.998656
18.234	-0.998888
18.25	-0.999102
18.281	-0.999426
18.313	-0.999658
18.328	-0.999738
18.344	-0.999807
18.359	-0.999858
18.391	-0.999931
18.406	-0.999953
18.422	-0.999969
18.453	-0.999987
18.469	-0.999991
18.484	-0.999993
18.5	-0.999994
18.531	-0.999994
18.547	-0.999994
18.563	-0.999994
18.578	-0.999994
18.609	-0.999991
18.625	-0.999988
18.641	-0.999981
18.672	-0.999957
18.688	-0.999935
18.703	-0.999907
18.719	-0.999868
18.75	-0.999754
18.766	-0.999672
18.781	-0.999578
18.813	-0.999307
18.828	-0.999143
18.844	-0.998937
18.859	-0.998712
18.891	-0.998114
18.906	-0.997771
18.922	-0.997355
18.953	-0.996388
18.969	-0.995795
18.984	-0.995176
19	-0.994443
19.031	-0.992789
19.047	-0.991804
19.063	-0.990721
19.094	-0.988324
19.109	-0.987011
19.125	-0.985493
19.141	-0.983846
19.172	-0.980263
19.188	-0.978199
19.203	-0.976123
19.234	-0.97137
19.25	-0.968661
19.266	-0.965766
19.281	-0.962878
19.313	-0.956123
19.328	-0.952664
19.344	-0.948758
19.359	-0.944888
19.391	-0.935926
19.406	-0.93138
19.422	-0.926278
19.453	-0.915625
19.469	-0.909714
19.484	-0.90391
19.5	-0.897431
19.531	-0.884006
19.547	-0.876614
19.563	-0.868899
19.578	-0.861365
19.609	-0.844855
19.625	-0.835826
19.641	-0.826445
19.656	-0.817326
19.688	-0.796805
19.703	-0.786678
19.719	-0.775515
19.75	-0.752815
19.766	-0.740541
19.781	-0.728687
19.813	-0.702271
19.828	-0.689361
19.844	-0.675218
19.859	-0.661611
19.891	-0.631467
19.906	-0.616818
19.922	-0.600831
19.953	-0.568812
19.969	-0.551755
19.984	-0.535444
20	-0.517709
20.031	-0.482386
20.047	-0.463675
20.078	-0.426532
20.094	-0.406922
20.125	-0.368125
20.141	-0.34771
20.156	-0.328342
20.172	-0.307453
20.203	-0.266354
20.219	-0.244846
20.234	-0.224516
20.25	-0.202668
20.281	-0.159918
20.297	-0.137668
20.313	-0.115313
20.344	-0.0717661
20.359	-0.0506131
20.375	-0.0280126
20.391	-0.00539061
20.422	0.0384358
20.438	0.0610206
20.453	0.0821516
20.469	0.10463
20.5	0.14794
20.516	0.170136
20.531	0.190828
20.563	0.234533
20.609	0.296101
20.625	0.317113
20.641	0.337893
20.656	0.357154
20.688	0.397477
20.703	0.415999
20.719	0.435474
20.734	0.453459
20.766	0.490904
20.781	0.508009
20.797	0.525928
20.828	0.559663
20.844	0.576555
20.859	0.592062
20.875	0.608248
20.906	0.63855
20.922	0.653637
20.938	0.668344
20.969	0.695752
20.984	0.708497
21	0.721719
21.016	0.734558
21.047	0.758345
21.063	0.770064
21.094	0.791699
21.109	0.801665
21.125	0.811939
21.141	0.82185
21.172	0.840032
21.188	0.8489
21.203	0.856901
21.219	0.865106
21.25	0.880062
21.266	0.887306
21.281	0.893813
21.313	0.906796
21.328	0.912474
21.344	0.918253
21.359	0.923418
21.391	0.933643
21.406	0.938079
21.422	0.942568
21.438	0.946816
21.469	0.954388
21.484	0.957753
21.5	0.961138
21.516	0.96432
21.547	0.969932
21.563	0.972559
21.594	0.977161
21.609	0.979169
21.625	0.981164
21.641	0.983013
21.672	0.986207
21.688	0.987669
21.703	0.988931
21.734	0.991232
21.75	0.992268
21.766	0.993211
21.781	0.994014
21.813	0.995487
21.828	0.996075
21.844	0.996637
21.875	0.997552
21.891	0.997943
21.906	0.998266
21.922	0.998566
21.953	0.999035
21.969	0.999226
21.984	0.999377
22	0.999513
22.031	0.999711
22.047	0.999785
22.063	0.999843
22.094	0.99992
22.109	0.999944
22.125	0.999963
22.141	0.999975
22.172	0.999988
22.188	0.99999
22.203	0.999991
22.234	0.999992
22.25	0.999992
22.266	0.999992
22.281	0.999992
22.313	0.99999
22.328	0.999987
22.359	0.999973
22.375	0.99996
22.391	0.999941
22.406	0.999916
22.438	0.999832
22.453	0.999775
22.469	0.999699
22.5	0.999495
22.516	0.999356
22.531	0.9992
22.563	0.998776
22.578	0.998526
22.594	0.99822
22.609	0.997891
22.641	0.99704
22.656	0.996562
22.672	0.995991
22.703	0.994685
22.719	0.993898
22.734	0.993084
22.75	0.992129
22.781	0.990002
22.797	0.988749
22.813	0.987383
22.844	0.984388
22.859	0.982763
22.875	0.980894
22.891	0.978878
22.922	0.974529
22.938	0.972042
22.953	0.96955
22.984	0.963887
23	0.960678
23.016	0.957264
23.031	0.95387
23.063	0.945977
23.078	0.941956
23.094	0.937432
23.125	0.927946
23.141	0.922664
23.156	0.917463
23.172	0.911645
23.203	0.899546
23.219	0.892861
23.234	0.886314
23.25	0.879025
23.281	0.863981
23.297	0.855728
23.313	0.847136
23.344	0.829499
23.359	0.820488
23.375	0.810527
23.391	0.800202
23.422	0.779145
23.438	0.767727
23.453	0.75668
23.484	0.732789
23.5	0.719897
23.516	0.706621
23.531	0.693826
23.563	0.665403
23.578	0.651555
23.594	0.636415
23.609	0.621879
23.641	0.589774
23.656	0.574219
23.672	0.557278
23.703	0.523448
23.719	0.505481
23.734	0.488333
23.75	0.469725
23.781	0.432774
23.797	0.413258
23.813	0.393453
23.844	0.354301
23.859	0.335008
23.875	0.314194
23.891	0.293151
23.922	0.251781
23.938	0.230147
23.953	0.209709
23.984	0.167046
24	0.144833
24.016	0.122511
24.031	0.101498
24.063	0.0564606
24.078	0.0352815
24.094	0.0126645
24.125	-0.0311681
24.141	-0.0537642
24.156	-0.074911
24.172	-0.0974116
24.203	-0.14078
24.219	-0.163014
24.234	-0.183746
24.266	-0.227552
24.281	-0.247859
24.297	-0.269341
24.328	-0.310382
24.344	-0.331239
24.359	-0.350574
24.391	-0.391069
24.406	-0.409676
24.422	-0.429246
24.438	-0.448517
24.469	-0.484972
24.484	-0.502176
24.5	-0.520204
24.516	-0.537891
24.547	-0.571163
24.563	-0.58781
24.578	-0.603084
24.609	-0.633619
24.625	-0.648828
24.641	-0.663657
24.656	-0.677214
24.688	-0.705009
24.703	-0.71751
24.719	-0.730472
24.734	-0.742276
24.766	-0.766338
24.781	-0.777095
24.797	-0.788206
24.828	-0.808675
24.844	-0.818702
24.859	-0.827774
24.891	-0.846086
24.906	-0.85419
24.922	-0.862504
24.938	-0.870482
24.969	-0.885011
24.984	-0.891611
25	-0.898351
25.031	-0.910554
25.047	-0.916425
25.063	-0.922013
25.078	-0.927004
25.109	-0.936581
25.125	-0.94115
25.141	-0.945475
25.156	-0.949314
25.188	-0.956841
25.203	-0.960071
25.219	-0.963316
25.25	-0.969047
25.266	-0.971731
25.281	-0.974088
25.313	-0.978625
25.328	-0.980536
25.344	-0.982431
25.359	-0.98408
25.391	-0.987209
25.406	-0.988507
25.422	-0.98978
25.438	-0.990944
25.469	-0.992915
25.484	-0.993744
25.5	-0.994546
25.516	-0.995268
25.547	-0.99646
25.563	-0.996979
25.578	-0.997412
25.609	-0.998157
25.625	-0.998471
25.641	-0.998743
25.656	-0.998963
25.688	-0.999334
25.703	-0.999469
25.719	-0.999588
25.734	-0.99968
25.766	-0.999822
25.781	-0.999869
25.797	-0.999907
25.828	-0.999954
25.844	-0.999968
25.859	-0.999977
25.891	-0.999986
25.906	-0.999987
25.922	-0.999988
25.938	-0.999988
25.969	-0.999988
25.984	-0.999988
26	-0.999988
26.016	-0.999987
26.047	-0.99998
26.063	-0.999972
26.078	-0.999961
26.109	-0.999922
26.125	-0.999889
26.141	-0.999845
26.172	-0.999721
26.188	-0.999633
26.203	-0.999531
26.219	-0.9994
26.25	-0.999068
26.266	-0.99885
26.281	-0.998612
26.297	-0.99832
26.328	-0.997623
26.344	-0.997188
26.359	-0.996729
26.391	-0.995562
26.406	-0.994918
26.422	-0.994157
26.438	-0.993313
26.469	-0.991424
26.484	-0.990378
26.5	-0.98916
26.531	-0.986478
26.547	-0.984915
26.563	-0.98322
26.578	-0.981507
26.609	-0.977557
26.625	-0.97529
26.641	-0.972857
26.656	-0.970419
26.688	-0.964683
26.703	-0.961729
26.719	-0.958381
26.75	-0.951291
26.766	-0.947305
26.781	-0.943356
26.797	-0.93891
26.828	-0.929585
26.844	-0.924389
26.859	-0.919271
26.891	-0.907531
26.906	-0.901628
26.922	-0.895041
26.938	-0.888147
26.969	-0.873894
26.984	-0.86656
27	-0.858416
27.031	-0.841668
27.047	-0.832514
27.063	-0.823006
27.078	-0.813766
27.109	-0.793656
27.125	-0.782733
27.141	-0.771436
27.172	-0.748473
27.188	-0.736063
27.203	-0.724081
27.219	-0.710928
27.25	-0.684352
27.266	-0.670072
27.281	-0.656338
27.297	-0.64132
27.328	-0.61115
27.344	-0.595031
27.359	-0.579586
27.391	-0.545577
27.406	-0.529148
27.422	-0.511291
27.438	-0.493096
27.469	-0.456914
27.484	-0.438982
27.5	-0.419561
27.516	-0.399848
27.547	-0.360862
27.563	-0.340356
27.578	-0.320907
27.594	-0.299937
27.625	-0.258693
27.641	-0.237118
27.656	-0.21673
27.688	-0.172775
27.703	-0.151983
27.719	-0.129694
27.734	-0.108708
27.766	-0.0637112
27.781	-0.0425435
27.797	-0.0199333
27.813	0.00269216
27.844	0.0465077
27.859	0.0676685
27.875	0.0901894
27.906	0.133612
27.922	0.155883
27.938	0.178035
27.953	0.19868
27.984	0.240917
28	0.26246
28.016	0.283808
28.047	0.324563
28.063	0.345258
28.078	0.364434
28.094	0.384636
28.125	0.42299
28.141	0.442359
28.156	0.46024
28.188	0.497456
28.203	0.514449
28.219	0.532246
28.234	0.548617
28.266	0.582501
28.281	0.597886
28.297	0.61394
28.313	0.629622
28.344	0.658934
28.359	0.672606
28.375	0.686818
28.406	0.713263
28.422	0.726349
28.438	0.739051
28.453	0.750612
28.484	0.773445
28.5	0.784676
28.516	0.795534
28.547	0.81552
28.563	0.825301
28.578	0.834146
28.594	0.843238
28.625	0.859869
28.641	0.867955
28.656	0.875234
28.672	0.882684
28.703	0.896218
28.719	0.902752
28.734	0.908606
28.75	0.914569
28.781	0.925319
28.797	0.930469
28.813	0.935356
28.844	0.94411
28.859	0.94802
28.875	0.951967
28.906	0.958983
28.922	0.962294
28.938	0.965404
28.953	0.968144
28.984	0.973295
29	0.975699
29.016	0.977938
29.047	0.981836
29.063	0.983635
29.078	0.985197
29.094	0.986739
29.125	0.989381
29.141	0.990579
29.156	0.991608
29.172	0.992611
29.203	0.994295
29.219	0.995042
29.234	0.995673
29.266	0.996817
29.281	0.997267
29.297	0.997692
29.313	0.998065
29.344	0.998657
29.359	0.998889
29.375	0.999101
29.391	0.99928
29.422	0.999549
29.438	0.999653
29.453	0.999733
29.484	0.999851
29.5	0.999893
29.516	0.999924
29.531	0.999945
29.563	0.999972
29.578	0.999978
29.594	0.999982
29.609	0.999984
29.641	0.999985
29.656	0.999986
29.672	0.999985
29.688	0.999985
29.719	0.999984
29.734	0.999983
29.75	0.999979
29.781	0.999963
29.797	0.999948
29.813	0.999926
29.828	0.999898
29.859	0.999809
29.875	0.999743
29.891	0.999661
29.922	0.999442
29.938	0.999294
29.953	0.999128
29.984	0.998695
30	0.998416
30.016	0.998094
30.031	0.997749
30.063	0.996858
30.078	0.99636
30.094	0.995765
30.125	0.994408
30.141	0.993592
30.156	0.992748
30.172	0.99176
30.203	0.989561
30.219	0.988269
30.234	0.986952
30.266	0.983778
30.281	0.982106
30.297	0.980186
30.313	0.978116
30.344	0.973655
30.359	0.971271
30.375	0.968555
30.406	0.962759
30.422	0.959478
30.438	0.955989
30.453	0.952522
30.484	0.944731
30.5	0.940364
30.516	0.935751
30.531	0.931197
30.563	0.920707
30.578	0.915413
30.594	0.909493
30.625	0.897189
30.641	0.890395
30.656	0.883743
30.672	0.87634
30.703	0.861068
30.719	0.852694
30.734	0.844534
30.75	0.835493
30.781	0.816968
30.797	0.806877
30.813	0.796421
30.844	0.775105
30.859	0.764286
30.875	0.752379
30.906	0.728224
30.922	0.715195
30.938	0.701781
30.953	0.688858
30.984	0.661082
31	0.646186
31.016	0.630911
31.031	0.616249
31.063	0.583881
31.078	0.568204
31.094	0.551135
31.125	0.517065
31.141	0.498977
31.156	0.481719
31.172	0.462996
31.203	0.425832
31.219	0.406211
31.234	0.387558
31.266	0.34697
31.281	0.327595
31.297	0.306698
31.313	0.285576
31.344	0.244069
31.359	0.223732
31.375	0.201879
31.391	0.179873
31.422	0.136865
31.438	0.114507
31.453	0.0934668
31.469	0.0709549
31.5	0.0271987
31.516	0.00457618
31.531	-0.0166359
31.563	-0.0618328
31.578	-0.082962
31.594	-0.105438
31.609	-0.126436
31.641	-0.170933
31.656	-0.19162
31.672	-0.213547
31.688	-0.235313
31.719	-0.276973
31.734	-0.296861
31.75	-0.317865
31.781	-0.357889
31.797	-0.378176
31.813	-0.398193
31.828	-0.416705
31.859	-0.454144
31.875	-0.473015
31.891	-0.491566
31.922	-0.526567
31.938	-0.54413
31.953	-0.560277
31.969	-0.577156
32	-0.608823
32.016	-0.624625
32.031	-0.639099
32.063	-0.668866
32.078	-0.682294
32.094	-0.696246
32.109	-0.708978
32.141	-0.735012
32.156	-0.746687
32.172	-0.758772
32.203	-0.781108
32.219	-0.792085
32.234	-0.802039
32.25	-0.8123
32.281	-0.831149
32.297	-0.840354
32.313	-0.84921
32.328	-0.857199
32.375	-0.880324
32.391	-0.887557
32.406	-0.894053
32.438	-0.907014
32.453	-0.912682
32.469	-0.918451
32.484	-0.923606
32.516	-0.933812
32.531	-0.938239
32.563	-0.946959
32.578	-0.950721
32.594	-0.954514
32.609	-0.957872
32.641	-0.964423
32.656	-0.967221
32.672	-0.970022
32.688	-0.972643
32.719	-0.977233
32.734	-0.979236
32.75	-0.981225
32.766	-0.983068
32.797	-0.986253
32.813	-0.98771
32.828	-0.988969
32.859	-0.991262
32.875	-0.992295
32.891	-0.993234
32.922	-0.994806
32.938	-0.995501
32.953	-0.996087
32.969	-0.996646
33	-0.997557
33.016	-0.997946
33.031	-0.998267
33.063	-0.998824
33.078	-0.999032
33.094	-0.999221
33.109	-0.999372
33.141	-0.999617
33.156	-0.999703
33.172	-0.999776
33.188	-0.999834
33.219	-0.99991
33.234	-0.999934
33.25	-0.999952
33.281	-0.999972
33.297	-0.999976
33.313	-0.999979
33.344	-0.99998
33.359	-0.999981
33.375	-0.999981
33.391	-0.99998
33.422	-0.99998
33.438	-0.999978
33.469	-0.99997
33.484	-0.999962
33.516	-0.999929
33.531	-0.999903
33.563	-0.999819
33.594	-0.999684
33.609	-0.999595
33.641	-0.999339
33.656	-0.999183
33.688	-0.998756
33.703	-0.998505
33.734	-0.997867
33.75	-0.997467
33.781	-0.996532
33.813	-0.995317
33.828	-0.994648
33.859	-0.993041
33.875	-0.992083
33.906	-0.989948
33.938	-0.987321
33.953	-0.985928
33.984	-0.982688
34	-0.980814
34.031	-0.976759
34.063	-0.97194
34.078	-0.969442
34.109	-0.963766
34.125	-0.96055
34.156	-0.953728
34.172	-0.949887
34.188	-0.945818
34.203	-0.941789
34.234	-0.932778
34.25	-0.927752
34.266	-0.92246
34.297	-0.911422
34.313	-0.905305
34.328	-0.899302
34.344	-0.892607
34.375	-0.878749
34.391	-0.871126
34.406	-0.863682
34.438	-0.846812
34.453	-0.838431
34.469	-0.829151
34.484	-0.820128
34.516	-0.799815
34.531	-0.789788
34.547	-0.778732
34.578	-0.756241
34.594	-0.744075
34.609	-0.732324
34.625	-0.719417
34.656	-0.693319
34.672	-0.679286
34.688	-0.664869
34.703	-0.651007
34.734	-0.621305
34.75	-0.605424
34.766	-0.589174
34.781	-0.573606
34.813	-0.539342
34.828	-0.522798
34.844	-0.504819
34.875	-0.46904
34.891	-0.450102
34.906	-0.432067
34.938	-0.392725
34.953	-0.373896
34.969	-0.353554
34.984	-0.334252
35.016	-0.292379
35.031	-0.272448
35.047	-0.250994
35.078	-0.20891
35.094	-0.186952
35.109	-0.166237
35.125	-0.14402
35.156	-0.100678
35.172	-0.0781868
35.188	-0.0556361
35.219	-0.011838
35.234	0.00937464
35.25	0.0319942
35.266	0.0545891
35.297	0.0982325
35.313	0.120656
35.328	0.141594
35.359	0.184552
35.375	0.206527
35.391	0.228346
35.406	0.248647
35.438	0.291397
35.453	0.311149
35.469	0.331997
35.484	0.351324
35.516	0.391799
35.531	0.410397
35.547	0.429955
35.578	0.466993
35.594	0.485648
35.609	0.502841
35.625	0.520857
35.656	0.554785
35.672	0.571778
35.688	0.588411
35.703	0.603673
35.734	0.634182
35.75	0.649376
35.766	0.664192
35.781	0.677735
35.813	0.705502
35.828	0.717989
35.844	0.730937
35.875	0.754935
35.891	0.766762
35.906	0.777506
35.938	0.799327
35.953	0.809047
35.969	0.81906
35.984	0.82812
36.016	0.846405
36.031	0.854497
36.047	0.862798
36.078	0.877935
36.094	0.88527
36.109	0.891859
36.125	0.898588
36.156	0.91077
36.172	0.91663
36.188	0.922208
36.219	0.932244
36.234	0.936747
36.25	0.941307
36.266	0.945623
36.297	0.95332
36.313	0.956964
36.328	0.960187
36.359	0.966281
36.375	0.969142
36.391	0.971819
36.422	0.976513
36.438	0.978695
36.453	0.980601
36.469	0.98249
36.5	0.985758
36.516	0.987254
36.531	0.988547
36.547	0.989816
36.578	0.991971
36.594	0.99294
36.609	0.993766
36.625	0.994564
36.656	0.995891
36.672	0.996471
36.688	0.996988
36.719	0.997824
36.734	0.998159
36.75	0.998472
36.766	0.998742
36.797	0.999161
36.813	0.99933
36.828	0.999463
36.844	0.999581
36.875	0.999751
36.891	0.999814
36.906	0.99986
36.938	0.999925
36.953	0.999944
36.969	0.999958
37	0.999972
37.016	0.999975
37.047	0.999977
37.063	0.999977
37.078	0.999977
37.094	0.999977
37.125	0.999977
37.141	0.999976
37.156	0.999974
37.172	0.999969
37.203	0.99995
37.219	0.999933
37.234	0.99991
37.266	0.999833
37.281	0.99978
37.297	0.999708
37.313	0.999619
37.344	0.999384
37.359	0.999237
37.375	0.99905
37.391	0.998831
37.422	0.998298
37.438	0.99796
37.453	0.997598
37.484	0.9967
37.5	0.996148
37.516	0.995528
37.531	0.994882
37.563	0.993272
37.578	0.992398
37.594	0.991376
37.609	0.990326
37.641	0.987772
37.656	0.986415
37.672	0.984847
37.688	0.983147
37.719	0.979456
37.734	0.977469
37.75	0.975196
37.781	0.970313
37.797	0.967532
37.813	0.964563
37.828	0.961602
37.859	0.954912
37.875	0.951142
37.891	0.947147
37.922	0.938736
37.938	0.934034
37.953	0.929393
37.969	0.924187
38	0.913322
38.016	0.907299
38.031	0.901386
38.063	0.887883
38.078	0.881126
38.094	0.873607
38.109	0.866262
38.141	0.84961
38.156	0.841334
38.172	0.832167
38.203	0.813394
38.219	0.803173
38.234	0.793257
38.25	0.782321
38.281	0.760064
38.297	0.748021
38.313	0.735596
38.344	0.710434
38.359	0.697742
38.375	0.683831
38.391	0.669537
38.422	0.640758
38.438	0.625348
38.453	0.610561
38.484	0.578971
38.5	0.562132
38.516	0.544936
38.531	0.528495
38.563	0.492418
38.578	0.47505
38.594	0.456213
38.609	0.43827
38.641	0.399114
38.656	0.380368
38.672	0.36011
38.688	0.339594
38.719	0.299158
38.734	0.279291
38.75	0.2579
38.781	0.215924
38.797	0.194014
38.813	0.171958
38.828	0.151162
38.859	0.107879
38.875	0.0854112
38.891	0.0628778
38.922	0.0190975
38.938	-0.00352824
38.953	-0.0247378
38.969	-0.0473425
39	-0.0910205
39.016	-0.11347
39.031	-0.134437
39.063	-0.178851
39.078	-0.199492
39.094	-0.221363
39.109	-0.241716
39.141	-0.284593
39.156	-0.30441
39.172	-0.325333
39.203	-0.365186
39.219	-0.385377
39.234	-0.404059
39.25	-0.423711
39.281	-0.460939
39.297	-0.479697
39.313	-0.498131
39.328	-0.515113
39.359	-0.549256
39.375	-0.566364
39.391	-0.583113
39.422	-0.614526
39.438	-0.630193
39.453	-0.644541
39.469	-0.659478
39.5	-0.687334
39.516	-0.701149
39.531	-0.713752
39.547	-0.726823
39.578	-0.751058
39.594	-0.763007
39.609	-0.773864
39.641	-0.795925
39.656	-0.805754
39.672	-0.815884
39.688	-0.825652
39.719	-0.843563
39.734	-0.851759
39.75	-0.860169
39.766	-0.868242
39.797	-0.882948
39.813	-0.890068
39.828	-0.896459
39.859	-0.908825
39.875	-0.914777
39.891	-0.920445
39.922	-0.930647
39.938	-0.935524
39.953	-0.939867
39.969	-0.94426
40	-0.9521
40.016	-0.955814
40.031	-0.9591
40.063	-0.965506
40.078	-0.968239
40.094	-0.970975
40.109	-0.973377
40.141	-0.978007
40.156	-0.979958
40.172	-0.981894
40.203	-0.985245
40.219	-0.986782
40.234	-0.98811
40.25	-0.989415
40.281	-0.991635
40.297	-0.992633
40.313	-0.99354
40.344	-0.995055
40.359	-0.995684
40.375	-0.996286
40.406	-0.99727
40.422	-0.997693
40.438	-0.998065
40.453	-0.99837
40.484	-0.998883
40.5	-0.999094
40.516	-0.999272
40.531	-0.999413
40.563	-0.999642
40.578	-0.999721
40.594	-0.999788
40.609	-0.999838
40.641	-0.99991
40.656	-0.999931
40.672	-0.999947
40.703	-0.999964
40.719	-0.999967
40.734	-0.999969
40.75	-0.99997
40.781	-0.99997
40.797	-0.99997
40.813	-0.99997
40.828	-0.99997
40.859	-0.999967
40.875	-0.999964
40.891	-0.999957
40.922	-0.999932
40.938	-0.99991
40.953	-0.999881
40.969	-0.999841
41	-0.999726
41.016	-0.999642
41.031	-0.999546
41.063	-0.999273
41.078	-0.999107
41.094	-0.998898
41.109	-0.998671
41.141	-0.998067
41.156	-0.99772
41.172	-0.997301
41.203	-0.996325
41.219	-0.995728
41.234	-0.995104
41.25	-0.994365
41.281	-0.9927
41.297	-0.991708
41.313	-0.990618
41.328	-0.989502
41.359	-0.986885
41.375	-0.985357
41.391	-0.983701
41.422	-0.980099
41.438	-0.978024
41.453	-0.975937
41.469	-0.973552
41.5	-0.968438
41.516	-0.965531
41.531	-0.962629
41.547	-0.95934
41.578	-0.95237
41.594	-0.948448
41.609	-0.944562
41.625	-0.940186
41.656	-0.931001
41.672	-0.92588
41.688	-0.920491
41.719	-0.909257
41.734	-0.903433
41.75	-0.896932
41.766	-0.890127
41.797	-0.876049
41.813	-0.868309
41.828	-0.860753
41.844	-0.852368
41.875	-0.835141
41.891	-0.825734
41.906	-0.81659
41.938	-0.796016
41.953	-0.785864
41.969	-0.774674
42	-0.75192
42.016	-0.739618
42.031	-0.727738
42.047	-0.714694
42.078	-0.68833
42.094	-0.674159
42.109	-0.660526
42.141	-0.630327
42.156	-0.615652
42.172	-0.599639
42.188	-0.583256
42.219	-0.550485
42.234	-0.534149
42.25	-0.516389
42.266	-0.498289
42.297	-0.462284
42.313	-0.443235
42.328	-0.425098
42.359	-0.386804
42.375	-0.366631
42.391	-0.346196
42.422	-0.305906
42.438	-0.284777
42.453	-0.264777
42.469	-0.243255
42.5	-0.201053
42.516	-0.179042
42.531	-0.158283
42.563	-0.113663
42.578	-0.0926201
42.594	-0.0701057
42.609	-0.0489494
42.641	-0.00372363
42.656	0.0174883
42.672	0.0401011
42.703	0.0838104
42.719	0.106284
42.734	0.127279
42.75	0.14958
42.781	0.19245
42.797	0.214371
42.813	0.236131
42.828	0.256371
42.859	0.297658
42.875	0.318653
42.891	0.339416
42.922	0.378936
42.938	0.398943
42.953	0.417445
42.984	0.454861
43	0.473721
43.016	0.49226
43.031	0.509341
43.063	0.544786
43.078	0.56092
43.094	0.577785
43.109	0.593267
43.141	0.625213
43.156	0.639674
43.172	0.654733
43.203	0.682826
43.219	0.696764
43.234	0.709482
43.266	0.735487
43.281	0.747149
43.297	0.759219
43.313	0.77091
43.344	0.79249
43.359	0.80243
43.375	0.812677
43.391	0.822561
43.422	0.840691
43.438	0.849534
43.453	0.85751
43.484	0.873057
43.5	0.880599
43.516	0.88782
43.531	0.894304
43.563	0.907242
43.578	0.9129
43.594	0.918658
43.609	0.923803
43.641	0.933988
43.656	0.938406
43.672	0.942877
43.688	0.947107
43.719	0.954646
43.734	0.957996
43.75	0.961365
43.781	0.967322
43.797	0.970116
43.813	0.972729
43.828	0.975022
43.859	0.979304
43.875	0.981287
43.891	0.983126
43.922	0.986301
43.938	0.987753
43.953	0.989007
43.969	0.990236
44	0.992321
44.016	0.993256
44.031	0.994053
44.063	0.995514
44.078	0.996098
44.094	0.996654
44.125	0.997561
44.141	0.997948
44.156	0.998267
44.172	0.998564
44.203	0.999027
44.219	0.999215
44.234	0.999365
44.266	0.999608
44.281	0.999693
44.297	0.999765
44.313	0.999822
44.344	0.999898
44.359	0.999921
44.375	0.999939
44.406	0.999958
44.438	0.999965
44.453	0.999966
44.469	0.999967
44.484	0.999967
44.516	0.999967
44.531	0.999967
44.547	0.999966
44.563	0.999965
44.594	0.999956
44.609	0.999948
44.625	0.999934
44.641	0.999914
44.672	0.999852
44.688	0.999803
44.703	0.999745
44.734	0.999578
44.75	0.999462
44.766	0.99932
44.781	0.999163
44.813	0.998734
44.828	0.998482
44.844	0.998172
44.875	0.997438
44.891	0.996981
44.906	0.9965
44.938	0.995279
44.953	0.994608
44.969	0.993815
44.984	0.992995
45.016	0.990976
45.031	0.989892
45.047	0.988631
45.078	0.985858
45.094	0.984244
45.109	0.98261
45.125	0.98073
45.156	0.976664
45.172	0.974333
45.188	0.971832
45.219	0.966481
45.234	0.963639
45.25	0.960415
45.281	0.953578
45.297	0.949728
45.313	0.945651
45.328	0.941614
45.359	0.932585
45.375	0.927549
45.391	0.922247
45.406	0.917028
45.438	0.905061
45.453	0.899048
45.469	0.892341
45.5	0.87846
45.516	0.870825
45.531	0.863369
45.547	0.855092
45.578	0.83808
45.594	0.828787
45.609	0.819751
45.625	0.809764
45.656	0.789371
45.672	0.778301
45.688	0.766856
45.719	0.743602
45.734	0.731837
45.75	0.718916
45.766	0.705612
45.797	0.678742
45.813	0.664311
45.828	0.650436
45.844	0.635268
45.875	0.604811
45.891	0.588546
45.906	0.572966
45.938	0.538675
45.953	0.522118
45.969	0.504126
45.984	0.486955
46.016	0.449373
46.031	0.431328
46.047	0.41179
46.078	0.373125
46.094	0.352773
46.109	0.333462
46.125	0.312631
46.156	0.271633
46.172	0.250172
46.188	0.228525
46.219	0.186111
46.234	0.165391
46.25	0.14317
46.281	0.0998205
46.297	0.0773269
46.313	0.0547741
46.328	0.0335925
46.359	-0.0102387
46.375	-0.0328577
46.391	-0.0554514
46.422	-0.0990905
46.438	-0.121511
46.469	-0.164671
46.484	-0.185394
46.5	-0.207363
46.531	-0.249471
46.547	-0.270939
46.563	-0.292206
46.578	-0.31195
46.609	-0.352107
46.625	-0.372467
46.641	-0.392562
46.656	-0.411149
46.688	-0.449946
46.703	-0.467712
46.719	-0.486354
46.734	-0.503535
46.766	-0.539199
46.781	-0.55544
46.797	-0.57242
46.828	-0.604287
46.844	-0.620194
46.859	-0.634768
46.875	-0.649948
46.906	-0.678278
46.922	-0.692338
46.938	-0.706015
46.969	-0.731422
46.984	-0.743199
47	-0.755391
47.031	-0.777933
47.047	-0.789016
47.063	-0.799726
47.078	-0.809431
47.109	-0.828477
47.125	-0.837782
47.141	-0.846735
47.172	-0.863103
47.188	-0.871056
47.203	-0.878214
47.219	-0.885537
47.25	-0.898831
47.266	-0.905246
47.281	-0.910991
47.313	-0.922407
47.328	-0.927378
47.344	-0.932422
47.359	-0.936916
47.391	-0.945773
47.406	-0.949596
47.422	-0.953452
47.453	-0.960303
47.469	-0.963533
47.484	-0.966381
47.5	-0.969235
47.531	-0.974249
47.547	-0.976586
47.563	-0.978762
47.594	-0.982546
47.609	-0.984184
47.625	-0.985803
47.641	-0.987294
47.672	-0.989847
47.688	-0.991003
47.703	-0.991995
47.734	-0.993782
47.75	-0.994577
47.766	-0.995293
47.781	-0.995898
47.813	-0.99699
47.828	-0.997418
47.844	-0.997822
47.875	-0.998466
47.891	-0.998734
47.906	-0.998952
47.938	-0.999318
47.953	-0.99945
47.969	-0.999567
48	-0.999736
48.016	-0.999798
48.031	-0.999843
48.047	-0.99988
48.078	-0.999926
48.094	-0.99994
48.109	-0.999948
48.141	-0.999957
48.156	-0.999958
48.172	-0.999958
48.188	-0.999959
48.219	-0.999959
48.234	-0.999958
48.25	-0.999958
48.281	-0.999955
48.297	-0.99995
48.313	-0.999942
48.328	-0.999931
48.359	-0.99989
48.375	-0.999857
48.391	-0.999812
48.422	-0.999687
48.438	-0.999596
48.453	-0.999493
48.484	-0.999212
48.5	-0.999025
48.516	-0.998804
48.531	-0.998564
48.563	-0.997928
48.578	-0.997565
48.594	-0.997126
48.625	-0.996108
48.641	-0.995486
48.656	-0.994837
48.672	-0.99407
48.703	-0.992344
48.719	-0.991318
48.734	-0.990265
48.766	-0.987702
48.781	-0.986341
48.797	-0.984768
48.813	-0.983064
48.844	-0.979362
48.859	-0.97737
48.875	-0.97509
48.891	-0.972645
48.922	-0.967407
48.938	-0.964431
48.969	-0.958101
48.984	-0.954757
49	-0.950979
49.031	-0.94301
49.047	-0.938547
49.063	-0.933835
49.078	-0.929185
49.109	-0.918832
49.125	-0.913084
49.141	-0.907049
49.172	-0.894516
49.188	-0.8876
49.203	-0.880831
49.219	-0.8733
49.25	-0.857774
49.266	-0.849266
49.281	-0.840977
49.297	-0.831797
49.328	-0.812997
49.344	-0.802762
49.359	-0.792832
49.391	-0.770557
49.406	-0.759597
49.422	-0.747539
49.438	-0.7351
49.469	-0.709909
49.484	-0.697203
49.5	-0.683278
49.531	-0.655208
49.547	-0.640161
49.563	-0.624737
49.578	-0.609937
49.609	-0.578319
49.625	-0.561466
49.641	-0.544256
49.672	-0.50992
49.688	-0.4917
49.703	-0.47432
49.719	-0.455471
49.75	-0.418073
49.766	-0.398338
49.781	-0.379581
49.813	-0.338787
49.828	-0.319322
49.844	-0.298334
49.875	-0.25706
49.891	-0.235471
49.906	-0.215071
49.938	-0.171093
49.953	-0.150293
49.969	-0.127995

