0	0
0.016	-0.000128
0.047	-0.0011045
0.063	-0.0019845
0.078	-0.00304199
0.109	-0.00594046
0.125	-0.0078124
0.141	-0.0099403
0.172	-0.0147914
0.188	-0.0176709
0.203	-0.0206028
0.234	-0.0273739
0.25	-0.0312439
0.266	-0.0353691
0.297	-0.0440873
0.313	-0.048961
0.328	-0.0537609
0.344	-0.0591266
0.375	-0.070243
0.391	-0.0763512
0.406	-0.0823061
0.422	-0.088901
0.453	-0.102389
0.469	-0.109715
0.484	-0.116807
0.5	-0.12461
0.531	-0.140422
0.547	-0.148937
0.563	-0.157691
0.594	-0.175324
0.609	-0.184171
0.625	-0.19383
0.641	-0.203716
0.672	-0.223505
0.688	-0.23404
0.703	-0.244111
0.734	-0.265506
0.75	-0.276847
0.766	-0.288385
0.781	-0.299377
0.813	-0.323369
0.828	-0.33486
0.844	-0.347282
0.859	-0.359076
0.891	-0.38469
0.906	-0.396896
0.938	-0.423324
0.953	-0.435879
0.969	-0.449378
1	-0.47581
1.016	-0.489577
1.031	-0.50255
1.063	-0.530396
1.078	-0.543509
1.094	-0.557524
1.109	-0.570679
1.141	-0.598748
1.156	-0.611884
1.172	-0.625866
1.188	-0.639803
1.219	-0.666627
1.234	-0.679498
1.25	-0.693131
1.281	-0.71921
1.297	-0.73247
1.313	-0.745573
1.328	-0.757703
1.359	-0.782242
1.375	-0.7946
1.391	-0.806729
1.406	-0.817879
1.438	-0.840893
1.453	-0.851292
1.469	-0.862094
1.5	-0.882113
1.516	-0.891951
1.531	-0.900851
1.547	-0.909989
1.578	-0.926601
1.594	-0.934588
1.609	-0.9417
1.625	-0.948873
1.656	-0.961524
1.672	-0.967391
1.688	-0.972795
1.703	-0.977435
1.734	-0.985685
1.75	-0.989227
1.781	-0.994674
1.797	-0.996748
1.813	-0.998314
1.828	-0.99932
1.859	-0.999976
1.875	-0.999562
1.891	-0.998637
1.906	-0.997307
1.938	-0.992981
1.953	-0.990261
1.969	-0.986879
2	-0.978931
2.016	-0.97412
2.031	-0.969181
2.047	-0.963462
2.078	-0.95109
2.094	-0.944055
2.109	-0.937071
2.141	-0.920954
2.156	-0.912849
2.172	-0.903833
2.188	-0.894444
2.219	-0.875247
2.234	-0.865504
2.25	-0.854802
2.281	-0.833212
2.297	-0.821655
2.313	-0.809835
2.328	-0.798529
2.359	-0.774526
2.375	-0.76183
2.391	-0.748944
2.422	-0.723494
2.438	-0.710136
2.453	-0.697495
2.469	-0.683897
2.5	-0.657269
2.531	-0.630357
2.547	-0.616388
2.563	-0.602383
2.594	-0.575197
2.609	-0.562038
2.625	-0.548016
2.641	-0.53402
2.672	-0.507016
2.688	-0.49316
2.703	-0.480232
2.734	-0.453744
2.75	-0.440212
2.766	-0.426787
2.781	-0.414306
2.813	-0.388054
2.828	-0.375938
2.844	-0.363157
2.875	-0.33884
2.891	-0.326533
2.906	-0.315152
2.922	-0.303188
2.953	-0.280539
2.969	-0.269134
2.984	-0.258624
3.016	-0.236807
3.031	-0.226872
3.047	-0.216484
3.063	-0.206316
3.094	-0.187254
3.109	-0.178338
3.125	-0.169052
3.156	-0.151728
3.172	-0.143136
3.188	-0.134783
3.203	-0.127173
3.234	-0.112125
3.25	-0.104719
3.266	-0.0975612
3.297	-0.084401
3.313	-0.0779761
3.328	-0.0721811
3.344	-0.0662438
3.375	-0.0554598
3.391	-0.0502661
3.406	-0.0456278
3.422	-0.0409267
3.453	-0.0325434
3.469	-0.0285912
3.484	-0.025118
3.516	-0.0184591
3.531	-0.0156899
3.547	-0.0129838
3.563	-0.0105336
3.594	-0.00651467
3.609	-0.00491496
3.625	-0.00345658
3.641	-0.0022542
3.672	-0.000653067
3.688	-0.000202676
3.703	-1.29E-05
3.734	-0.000333801
3.75	-0.00087541
3.766	-0.00167302
3.781	-0.00265327
3.813	-0.00549646
3.828	-0.00718168
3.844	-0.00922721
3.875	-0.0139187
3.891	-0.0167159
3.906	-0.0195706
3.922	-0.0228633
3.953	-0.0299702
3.969	-0.0340133
3.984	-0.0380354
4.016	-0.0473644
4.031	-0.0520876
4.047	-0.0573717
4.063	-0.0629093
4.094	-0.0743576
4.109	-0.0802366
4.125	-0.0867508
4.156	-0.100083
4.172	-0.10733
4.188	-0.114823
4.219	-0.130041
4.234	-0.137732
4.25	-0.14617
4.281	-0.163198
4.297	-0.172334
4.313	-0.181703
4.328	-0.190696
4.359	-0.209914
4.375	-0.220161
4.391	-0.230626
4.422	-0.251511
4.438	-0.262597
4.453	-0.273175
4.469	-0.28465
4.5	-0.30743
4.516	-0.319459
4.531	-0.330898
4.547	-0.343266
4.578	-0.367694
4.594	-0.380528
4.609	-0.392692
4.625	-0.4058
4.656	-0.431557
4.672	-0.445022
4.688	-0.45859
4.719	-0.485138
4.734	-0.49809
4.75	-0.511968
4.781	-0.539003
4.797	-0.55301
4.813	-0.567039
4.828	-0.580199
4.859	-0.607377
4.875	-0.62137
4.891	-0.635323
4.906	-0.648355
4.938	-0.675945
4.953	-0.688754
4.969	-0.702312
5	-0.728218
5.016	-0.741374
5.031	-0.753556
5.047	-0.766376
5.078	-0.790647
5.094	-0.802851
5.109	-0.814076
5.141	-0.837263
5.156	-0.847751
5.172	-0.858651
5.188	-0.86924
5.219	-0.888823
5.234	-0.897831
5.25	-0.907089
5.281	-0.923944
5.297	-0.932062
5.313	-0.939769
5.344	-0.953491
5.359	-0.959539
5.375	-0.965553
5.391	-0.971107
5.422	-0.980529
5.438	-0.984686
5.453	-0.98814
5.469	-0.991346
5.5	-0.996135
5.516	-0.997865
5.531	-0.999025
5.563	-0.999999
5.578	-0.999751
5.594	-0.99899
5.609	-0.997814
5.641	-0.993813
5.656	-0.991244
5.672	-0.988021
5.688	-0.984304
5.719	-0.97572
5.734	-0.970923
5.75	-0.965352
5.781	-0.95326
5.797	-0.946366
5.813	-0.93904
5.828	-0.931788
5.859	-0.91567
5.875	-0.906775
5.891	-0.897505
5.922	-0.878524
5.938	-0.868227
5.953	-0.858279
5.969	-0.847369
6	-0.825403
6.016	-0.813666
6.031	-0.802433
6.063	-0.777785
6.078	-0.765937
6.094	-0.75311
6.109	-0.740922
6.141	-0.714449
6.156	-0.701846
6.172	-0.688284
6.203	-0.661714
6.219	-0.647875
6.234	-0.634841
6.266	-0.606893
6.281	-0.593748
6.297	-0.579713
6.313	-0.565676
6.344	-0.53852
6.359	-0.525419
6.375	-0.511487
6.406	-0.484662
6.422	-0.470922
6.438	-0.457268
6.453	-0.444554
6.484	-0.418578
6.5	-0.405344
6.516	-0.392241
6.531	-0.380082
6.563	-0.354576
6.578	-0.342836
6.594	-0.330474
6.625	-0.307017
6.641	-0.295178
6.656	-0.28425
6.672	-0.272782
6.703	-0.251132
6.719	-0.24026
6.734	-0.23026
6.766	-0.209563
6.781	-0.200166
6.797	-0.190361
6.813	-0.180783
6.844	-0.162886
6.859	-0.154543
6.875	-0.145874
6.891	-0.137444
6.922	-0.1218
6.938	-0.114085
6.953	-0.107075
6.984	-0.0932767
7	-0.0865209
7.016	-0.0800154
7.047	-0.068126
7.063	-0.06236
7.078	-0.0571842
7.109	-0.0471938
7.125	-0.0424108
7.141	-0.0378824
7.172	-0.0298343
7.188	-0.0260553
7.203	-0.0227445
7.219	-0.0194606
7.25	-0.0138258
7.266	-0.0112932
7.281	-0.00915137
7.297	-0.00711468
7.328	-0.00389698
7.344	-0.00261222
7.359	-0.00164024
7.391	-0.000318689
7.406	-5.17E-05
7.422	-1.49E-05
7.438	-0.000234158
7.469	-0.0013874
7.484	-0.00229042
7.5	-0.00350164
7.516	-0.00496885
7.547	-0.00853999
7.563	-0.0107591
7.578	-0.0130719
7.594	-0.0157868
7.625	-0.0217748
7.641	-0.0252408
7.656	-0.0287223
7.688	-0.0368995
7.703	-0.0410837
7.719	-0.0457935
7.75	-0.0556425
7.766	-0.0610985
7.781	-0.0664435
7.797	-0.0723894
7.828	-0.0846261
7.844	-0.0913101
7.859	-0.097803
7.875	-0.10497
7.906	-0.119558
7.922	-0.127448
7.938	-0.135582
7.969	-0.152028
7.984	-0.160307
8	-0.169367
8.016	-0.178662
8.047	-0.197326
8.063	-0.207292
8.078	-0.216838
8.109	-0.237175
8.125	-0.247987
8.141	-0.259006
8.156	-0.269523
8.188	-0.292542
8.203	-0.303597
8.219	-0.315568
8.25	-0.339266
8.266	-0.351747
8.281	-0.363594
8.297	-0.376381
8.328	-0.401566
8.344	-0.414763
8.359	-0.427247
8.375	-0.440676
8.406	-0.46699
8.422	-0.480706
8.438	-0.4945
8.469	-0.521411
8.484	-0.534501
8.5	-0.548499
8.516	-0.562522
8.547	-0.589717
8.563	-0.603742
8.578	-0.61687
8.594	-0.630837
8.625	-0.657745
8.641	-0.671527
8.656	-0.684367
8.672	-0.697961
8.703	-0.723951
8.719	-0.737157
8.75	-0.76227
8.766	-0.77496
8.781	-0.78667
8.797	-0.798948
8.828	-0.822057
8.844	-0.833605
8.859	-0.844179
8.875	-0.855175
8.906	-0.875599
8.922	-0.885658
8.938	-0.89537
8.969	-0.913153
8.984	-0.921245
9	-0.929493
9.016	-0.937334
9.047	-0.951324
9.063	-0.957904
9.078	-0.963666
9.109	-0.974293
9.125	-0.979087
9.141	-0.9834
9.156	-0.987003
9.188	-0.993236
9.203	-0.99547
9.219	-0.997363
9.25	-0.999584
9.266	-0.999979
9.281	-0.999886
9.313	-0.998183
9.328	-0.996683
9.344	-0.994592
9.359	-0.992174
9.391	-0.985553
9.406	-0.981771
9.422	-0.977269
9.438	-0.97229
9.469	-0.961312
9.484	-0.955384
9.5	-0.948631
9.531	-0.934317
9.547	-0.926316
9.563	-0.917912
9.594	-0.900527
9.609	-0.891615
9.625	-0.881765
9.656	-0.861724
9.672	-0.850912
9.688	-0.839799
9.719	-0.81747
9.734	-0.806312
9.75	-0.794174
9.781	-0.770022
9.797	-0.757256
9.813	-0.744307
9.828	-0.732012
9.859	-0.706183
9.875	-0.692659
9.891	-0.679022
9.922	-0.652335
9.938	-0.63845
9.953	-0.625381
9.969	-0.611398
10	-0.584229
10.016	-0.570191
10.031	-0.557037
10.063	-0.529037
10.078	-0.515963
10.094	-0.502068
10.109	-0.489098
10.141	-0.46165
10.156	-0.448907
10.172	-0.435412
10.203	-0.409587
10.219	-0.396441
10.234	-0.38424
10.25	-0.371363
10.281	-0.346847
10.297	-0.334431
10.313	-0.322185
10.344	-0.298966
10.359	-0.28798
10.375	-0.276449
10.391	-0.265115
10.422	-0.243734
10.438	-0.233005
10.453	-0.223142
10.469	-0.212832
10.5	-0.193489
10.516	-0.183838
10.531	-0.174999
10.563	-0.156828
10.578	-0.148636
10.594	-0.140129
10.609	-0.132372
10.641	-0.116539
10.656	-0.109455
10.672	-0.102137
10.688	-0.0950674
10.719	-0.0820797
10.734	-0.076133
10.75	-0.0700334
10.781	-0.0589339
10.797	-0.053577
10.813	-0.0484738
10.844	-0.0393101
10.859	-0.0352193
10.875	-0.0311029
10.891	-0.0272417
10.922	-0.0204877
10.938	-0.0173772
10.953	-0.0146934
10.969	-0.0120786
11	-0.00774046
11.016	-0.00587737
11.031	-0.00436319
11.063	-0.0018849
11.078	-0.0010757
11.094	-0.000460545
11.109	-0.000116341
11.141	-0.000134039
11.156	-0.000494835
11.172	-0.00112768
11.188	-0.00201653
11.219	-0.00446716
11.234	-0.00599793
11.25	-0.00787872
11.281	-0.0122511
11.297	-0.0148837
11.313	-0.017772
11.328	-0.0207122
11.359	-0.0275004
11.375	-0.0313793
11.391	-0.0355133
11.406	-0.0396207
11.438	-0.0491311
11.453	-0.0539392
11.469	-0.0593136
11.5	-0.070447
11.516	-0.0765639
11.531	-0.082527
11.547	-0.0891304
11.578	-0.102635
11.594	-0.10997
11.609	-0.11707
11.625	-0.124881
11.656	-0.140709
11.672	-0.149233
11.688	-0.157995
11.703	-0.166425
11.734	-0.184498
11.75	-0.194165
11.781	-0.213538
11.797	-0.223863
11.813	-0.234405
11.828	-0.244483
11.859	-0.265892
11.875	-0.27724
11.891	-0.288785
11.906	-0.299782
11.938	-0.323787
11.953	-0.335284
11.969	-0.347712
12	-0.372248
12.016	-0.385135
12.031	-0.397346
12.047	-0.410501
12.078	-0.436341
12.094	-0.449844
12.109	-0.462593
12.141	-0.490052
12.156	-0.503027
12.172	-0.516926
12.188	-0.530876
12.219	-0.558006
12.234	-0.571162
12.25	-0.585199
12.281	-0.612366
12.297	-0.626346
12.313	-0.640281
12.328	-0.653292
12.359	-0.679968
12.375	-0.693598
12.391	-0.707113
12.422	-0.732923
12.438	-0.746021
12.453	-0.758145
12.469	-0.770897
12.5	-0.795021
12.516	-0.807142
12.531	-0.818283
12.563	-0.841278
12.578	-0.851668
12.594	-0.862459
12.609	-0.87229
12.641	-0.892282
12.656	-0.901171
12.672	-0.910296
12.703	-0.926882
12.719	-0.934855
12.734	-0.941952
12.766	-0.955834
12.781	-0.961732
12.797	-0.967583
12.813	-0.972971
12.844	-0.982064
12.859	-0.985813
12.875	-0.989338
12.891	-0.992367
12.922	-0.996808
12.938	-0.998357
12.953	-0.999346
12.984	-0.999967
13	-0.999536
13.016	-0.998593
13.031	-0.997247
13.063	-0.992886
13.078	-0.990149
13.094	-0.98675
13.125	-0.978769
13.141	-0.973942
13.156	-0.968988
13.172	-0.963253
13.203	-0.95085
13.219	-0.9438
13.234	-0.936802
13.266	-0.920657
13.281	-0.91254
13.297	-0.90351
13.313	-0.894109
13.344	-0.874888
13.359	-0.865134
13.375	-0.854422
13.391	-0.843405
13.422	-0.821246
13.438	-0.809417
13.453	-0.798103
13.484	-0.774085
13.5	-0.761382
13.516	-0.74849
13.531	-0.736245
13.563	-0.709667
13.578	-0.697021
13.594	-0.683419
13.609	-0.670574
13.641	-0.642922
13.656	-0.629869
13.672	-0.615899
13.688	-0.601893
13.719	-0.574705
13.734	-0.561548
13.75	-0.547526
13.781	-0.520443
13.797	-0.50653
13.813	-0.492676
13.844	-0.466041
13.859	-0.453268
13.875	-0.43974
13.891	-0.426319
13.922	-0.400654
13.938	-0.387599
13.953	-0.375487
13.969	-0.362711
14	-0.338405
14.016	-0.326104
14.031	-0.31473
14.063	-0.290999
14.078	-0.280135
14.094	-0.268737
14.109	-0.258233
14.141	-0.236431
14.156	-0.226503
14.172	-0.216123
14.203	-0.19664
14.219	-0.186916
14.234	-0.178007
14.266	-0.159685
14.297	-0.142837
14.313	-0.134493
14.328	-0.126891
14.344	-0.119018
14.375	-0.104462
14.391	-0.0973124
14.406	-0.0908356
14.438	-0.0777528
14.453	-0.0719659
14.469	-0.0660374
14.484	-0.0607089
14.516	-0.0500856
14.531	-0.0454555
14.547	-0.0407632
14.563	-0.0363257
14.594	-0.0284538
14.609	-0.0249888
14.625	-0.0215404
14.641	-0.0183477
14.672	-0.0128896
14.688	-0.0104483
14.703	-0.00839196
14.734	-0.00485513
14.75	-0.00340564
14.766	-0.00221214
14.797	-0.000628214
14.813	-0.000186704
14.828	-5.29E-06
14.844	-5.98E-05
14.875	-0.000893856
14.891	-0.00170035
14.906	-0.00268893
14.922	-0.00399141
14.953	-0.00724342
14.969	-0.00929783
14.984	-0.0114563
15.016	-0.0168126
15.031	-0.0196756
15.047	-0.0229772
15.063	-0.0265344
15.094	-0.0341532
15.109	-0.0381836
15.125	-0.0427297
15.156	-0.0522618
15.172	-0.0575547
15.188	-0.063101
15.203	-0.0685304
15.234	-0.0804535
15.25	-0.0869764
15.266	-0.0937495
15.297	-0.107581
15.313	-0.115083
15.328	-0.122339
15.344	-0.130316
15.375	-0.146462
15.391	-0.155148
15.406	-0.163506
15.422	-0.17265
15.453	-0.191028
15.469	-0.200849
15.484	-0.210261
15.516	-0.230988
15.531	-0.241002
15.547	-0.251888
15.563	-0.262981
15.594	-0.285047
15.609	-0.295987
15.625	-0.30784
15.641	-0.319875
15.672	-0.343693
15.688	-0.356232
15.703	-0.368132
15.734	-0.39314
15.75	-0.406252
15.766	-0.419494
15.797	-0.445486
15.813	-0.459058
15.828	-0.471867
15.844	-0.485612
15.875	-0.512446
15.891	-0.526381
15.906	-0.539485
15.922	-0.553493
15.953	-0.580681
15.969	-0.594716
15.984	-0.607859
16.016	-0.635802
16.031	-0.648832
16.047	-0.662665
16.063	-0.676417
16.094	-0.702777
16.109	-0.715372
16.125	-0.728674
16.156	-0.754
16.172	-0.766814
16.188	-0.779432
16.203	-0.79107
16.234	-0.814483
16.25	-0.826202
16.281	-0.848131
16.297	-0.85902
16.328	-0.879221
16.344	-0.889158
16.359	-0.898155
16.375	-0.9074
16.406	-0.924229
16.422	-0.932333
16.438	-0.940025
16.453	-0.946854
16.484	-0.959751
16.5	-0.965749
16.516	-0.971287
16.531	-0.976054
16.563	-0.984818
16.578	-0.988256
16.594	-0.991445
16.625	-0.9962
16.641	-0.997912
16.656	-0.999055
16.672	-0.99978
16.703	-0.999728
16.719	-0.99895
16.734	-0.997757
16.75	-0.995992
16.781	-0.991136
16.797	-0.987895
16.813	-0.984161
16.844	-0.975545
16.859	-0.970732
16.875	-0.965146
16.906	-0.953023
16.922	-0.946113
16.938	-0.938772
16.953	-0.931507
16.984	-0.915362
17	-0.906454
17.016	-0.897171
17.047	-0.878166
17.063	-0.867857
17.078	-0.857899
17.094	-0.846979
17.125	-0.824993
17.141	-0.813247
17.156	-0.802006
17.172	-0.789786
17.203	-0.765487
17.219	-0.752654
17.234	-0.740461
17.266	-0.713977
17.281	-0.70137
17.297	-0.687804
17.313	-0.67413
17.344	-0.647386
17.359	-0.63435
17.375	-0.620394
17.391	-0.606399
17.422	-0.579218
17.438	-0.565181
17.453	-0.552031
17.484	-0.524926
17.5	-0.510997
17.516	-0.497122
17.531	-0.484175
17.563	-0.456788
17.578	-0.444077
17.594	-0.43062
17.609	-0.418108
17.641	-0.39178
17.656	-0.379626
17.672	-0.366801
17.688	-0.35413
17.719	-0.330039
17.734	-0.318612
17.75	-0.306595
17.781	-0.28384
17.797	-0.272379
17.813	-0.261116
17.844	-0.239878
17.859	-0.229885
17.875	-0.219435
17.891	-0.209204
17.922	-0.190016
17.938	-0.180447
17.953	-0.171685
17.969	-0.162566
18	-0.145569
18.016	-0.137148
18.031	-0.129472
18.063	-0.113813
18.078	-0.106811
18.094	-0.099582
18.125	-0.0862831
18.141	-0.0797863
18.156	-0.0739236
18.172	-0.0679139
18.203	-0.0569892
18.219	-0.0517227
18.234	-0.047016
18.25	-0.0422419
18.281	-0.0337168
18.313	-0.0259213
18.328	-0.0226189
18.344	-0.0193439
18.359	-0.0165059
18.391	-0.0112028
18.406	-0.0090693
18.422	-0.00704153
18.453	-0.00384114
18.469	-0.0025653
18.484	-0.00160169
18.5	-0.000821848
18.531	-3.94E-05
18.547	-1.15E-05
18.563	-0.000239701
18.578	-0.000686095
18.609	-0.00232164
18.625	-0.00354179
18.641	-0.00501792
18.672	-0.00860637
18.688	-0.0108344
18.703	-0.0131556
18.719	-0.0158794
18.75	-0.0218846
18.766	-0.0253596
18.781	-0.0288495
18.813	-0.0370444
18.828	-0.041237
18.844	-0.0459557
18.859	-0.0506106
18.891	-0.0612867
18.906	-0.0666399
18.922	-0.0725947
18.953	-0.0848484
18.969	-0.0915411
18.984	-0.0980422
19	-0.105217
19.031	-0.119823
19.047	-0.127721
19.063	-0.135864
19.094	-0.152325
19.109	-0.160613
19.125	-0.169681
19.141	-0.178984
19.172	-0.197663
19.188	-0.207637
19.203	-0.21719
19.234	-0.237543
19.25	-0.248361
19.266	-0.259388
19.281	-0.269911
19.313	-0.292944
19.328	-0.304005
19.344	-0.315982
19.359	-0.327374
19.391	-0.352179
19.406	-0.364031
19.422	-0.376823
19.453	-0.402018
19.469	-0.415219
19.484	-0.427708
19.5	-0.44114
19.531	-0.467461
19.547	-0.48118
19.563	-0.494977
19.578	-0.507973
19.609	-0.534983
19.625	-0.548982
19.641	-0.563005
19.656	-0.576164
19.688	-0.604226
19.703	-0.617352
19.719	-0.631318
19.75	-0.658222
19.766	-0.672001
19.781	-0.684837
19.813	-0.7119
19.828	-0.724409
19.844	-0.737609
19.859	-0.749838
19.891	-0.775394
19.906	-0.787097
19.922	-0.799367
19.953	-0.822459
19.969	-0.833998
19.984	-0.844563
20	-0.855549
20.031	-0.875951
20.047	-0.885998
20.078	-0.904465
20.094	-0.913455
20.125	-0.929769
20.141	-0.937595
20.156	-0.944551
20.172	-0.951556
20.203	-0.963868
20.219	-0.969555
20.234	-0.974463
20.25	-0.97924
20.281	-0.987123
20.297	-0.990471
20.313	-0.993322
20.344	-0.997414
20.359	-0.998711
20.375	-0.9996
20.391	-0.999978
20.422	-0.999254
20.438	-0.998129
20.453	-0.996613
20.469	-0.994504
20.5	-0.988989
20.516	-0.985413
20.531	-0.981616
20.563	-0.972101
20.609	-0.955149
20.625	-0.94838
20.641	-0.941177
20.656	-0.934038
20.688	-0.917604
20.703	-0.909357
20.719	-0.900193
20.734	-0.891269
20.766	-0.871205
20.781	-0.861343
20.797	-0.85052
20.828	-0.828711
20.844	-0.81705
20.859	-0.805883
20.875	-0.793738
20.906	-0.769571
20.922	-0.756798
20.938	-0.743842
20.969	-0.718272
20.984	-0.705704
21	-0.692175
21.016	-0.678535
21.047	-0.651841
21.063	-0.637954
21.094	-0.610899
21.109	-0.597761
21.125	-0.583729
21.141	-0.569691
21.172	-0.542523
21.188	-0.528539
21.203	-0.515467
21.219	-0.501574
21.25	-0.474843
21.266	-0.461164
21.281	-0.448424
21.313	-0.421552
21.328	-0.409116
21.344	-0.395974
21.359	-0.383777
21.391	-0.358184
21.406	-0.346401
21.422	-0.33399
21.438	-0.32175
21.469	-0.298543
21.484	-0.287564
21.5	-0.276039
21.516	-0.264712
21.547	-0.243345
21.563	-0.232624
21.594	-0.212466
21.609	-0.203009
21.625	-0.193138
21.641	-0.183495
21.672	-0.165469
21.688	-0.156509
21.703	-0.148324
21.734	-0.132077
21.75	-0.124047
21.766	-0.116261
21.781	-0.109185
21.813	-0.0948152
21.828	-0.0884218
21.844	-0.0818444
21.875	-0.0698153
21.891	-0.0639769
21.906	-0.058733
21.922	-0.0533849
21.953	-0.0437457
21.969	-0.0391443
21.984	-0.0350619
22	-0.0309544
22.031	-0.0237228
22.047	-0.0203656
22.063	-0.0172641
22.094	-0.0119828
22.109	-0.00977223
22.125	-0.00766216
22.141	-0.00580806
22.172	-0.00294416
22.188	-0.001842
22.203	-0.00104123
22.234	-9.93E-05
22.25	1.09E-05
22.266	-0.000134973
22.281	-0.000504199
22.313	-0.00204388
22.328	-0.0031181
22.359	-0.00605113
22.375	-0.00794091
22.391	-0.0100866
22.406	-0.0123307
22.438	-0.0178696
22.453	-0.0208182
22.469	-0.024211
22.5	-0.0315116
22.516	-0.0356547
22.531	-0.0397704
22.563	-0.0492987
22.578	-0.0541151
22.594	-0.0594985
22.609	-0.0647755
22.641	-0.0767749
22.656	-0.0827462
22.672	-0.0893584
22.703	-0.10288
22.719	-0.110223
22.734	-0.117332
22.75	-0.125152
22.781	-0.140996
22.797	-0.149528
22.813	-0.158299
22.844	-0.175964
22.859	-0.184825
22.875	-0.1945
22.891	-0.204402
22.922	-0.224221
22.938	-0.234771
22.953	-0.244856
22.984	-0.266279
23	-0.277634
23.016	-0.289186
23.031	-0.300189
23.063	-0.324207
23.078	-0.33571
23.094	-0.348143
23.125	-0.372691
23.141	-0.385583
23.156	-0.397798
23.172	-0.410958
23.203	-0.436806
23.219	-0.450312
23.234	-0.463065
23.25	-0.476757
23.281	-0.503507
23.297	-0.517408
23.313	-0.531359
23.344	-0.558492
23.359	-0.571648
23.375	-0.585685
23.391	-0.599715
23.422	-0.626829
23.438	-0.640763
23.453	-0.653772
23.484	-0.680442
23.5	-0.694068
23.516	-0.707579
23.531	-0.72013
23.563	-0.746472
23.578	-0.75859
23.594	-0.771335
23.609	-0.783102
23.641	-0.807557
23.656	-0.81869
23.672	-0.830315
23.703	-0.852047
23.719	-0.862827
23.734	-0.872646
23.75	-0.882802
23.781	-0.901492
23.797	-0.910603
23.813	-0.919334
23.844	-0.935121
23.859	-0.942205
23.875	-0.949349
23.891	-0.956056
23.922	-0.967774
23.938	-0.973146
23.953	-0.977754
23.984	-0.985939
24	-0.989446
24.016	-0.992457
24.031	-0.994826
24.063	-0.998395
24.078	-0.999368
24.094	-0.99991
24.125	-0.999504
24.141	-0.998544
24.156	-0.99718
24.172	-0.995234
24.203	-0.990031
24.219	-0.986614
24.234	-0.982964
24.266	-0.973756
24.281	-0.968786
24.297	-0.963035
24.328	-0.950601
24.344	-0.943536
24.359	-0.936524
24.391	-0.92035
24.406	-0.91222
24.422	-0.903177
24.438	-0.893763
24.469	-0.874518
24.484	-0.864753
24.5	-0.85403
24.516	-0.843002
24.547	-0.820824
24.563	-0.808986
24.578	-0.797664
24.609	-0.773631
24.625	-0.760921
24.641	-0.748023
24.656	-0.735772
24.688	-0.709183
24.703	-0.696533
24.719	-0.682927
24.734	-0.670079
24.766	-0.642422
24.781	-0.629367
24.797	-0.615395
24.828	-0.588237
24.844	-0.5742
24.859	-0.561042
24.891	-0.533027
24.906	-0.519941
24.922	-0.506029
24.938	-0.492177
24.969	-0.465547
24.984	-0.452778
25	-0.439253
25.031	-0.413363
25.047	-0.40018
25.063	-0.38713
25.078	-0.375023
25.109	-0.350421
25.125	-0.337957
25.141	-0.325662
25.156	-0.314293
25.188	-0.290575
25.203	-0.279718
25.219	-0.268327
25.25	-0.246832
25.266	-0.236043
25.281	-0.226122
25.313	-0.205597
25.328	-0.196282
25.344	-0.186566
25.359	-0.177664
25.391	-0.159359
25.406	-0.151103
25.422	-0.142527
25.438	-0.134192
25.469	-0.118733
25.484	-0.111582
25.5	-0.104194
25.516	-0.0970534
25.547	-0.0839271
25.563	-0.0775199
25.578	-0.0717413
25.609	-0.0605016
25.625	-0.0550721
25.641	-0.0498963
25.656	-0.0452746
25.688	-0.0361629
25.703	-0.0322427
25.719	-0.0283084
25.734	-0.024852
25.766	-0.018229
25.781	-0.0154765
25.797	-0.0127884
25.828	-0.00830836
25.844	-0.00637198
25.859	-0.0047891
25.891	-0.00216424
25.906	-0.00128633
25.922	-0.000597888
25.938	-0.000165447
25.969	-5.61E-05
25.984	-0.00034818
26	-0.000907739
26.016	-0.0017233
26.047	-0.00403193
26.063	-0.00559947
26.078	-0.00730151
26.109	-0.0115319
26.125	-0.0140912
26.141	-0.0169064
26.172	-0.0230885
26.188	-0.0266548
26.203	-0.0302301
26.219	-0.0342911
26.25	-0.0428851
26.266	-0.0476947
26.281	-0.0524346
26.297	-0.0577365
26.328	-0.0687296
26.344	-0.0747744
26.359	-0.08067
26.391	-0.0939838
26.406	-0.100568
26.422	-0.107832
26.438	-0.115343
26.469	-0.130593
26.484	-0.138301
26.5	-0.146755
26.531	-0.163816
26.547	-0.172968
26.563	-0.182354
26.578	-0.191362
26.609	-0.21061
26.625	-0.220872
26.641	-0.231353
26.656	-0.241374
26.688	-0.263368
26.703	-0.273959
26.719	-0.285448
26.75	-0.308253
26.766	-0.320295
26.781	-0.331746
26.797	-0.344125
26.828	-0.368574
26.844	-0.381419
26.859	-0.393593
26.891	-0.419956
26.906	-0.432484
26.922	-0.445956
26.938	-0.459531
26.969	-0.486091
26.984	-0.499048
27	-0.51293
27.031	-0.539972
27.047	-0.553981
27.063	-0.56801
27.078	-0.58117
27.109	-0.608347
27.125	-0.622338
27.141	-0.636287
27.172	-0.663145
27.188	-0.676894
27.203	-0.689697
27.219	-0.703247
27.25	-0.729134
27.266	-0.742279
27.281	-0.75445
27.297	-0.767257
27.328	-0.791499
27.344	-0.803687
27.359	-0.814895
27.391	-0.838045
27.406	-0.848514
27.422	-0.859393
27.438	-0.86996
27.469	-0.889496
27.484	-0.898482
27.5	-0.907713
27.516	-0.916568
27.547	-0.932605
27.563	-0.940283
27.578	-0.947097
27.594	-0.953945
27.625	-0.965946
27.641	-0.971467
27.656	-0.976218
27.688	-0.984948
27.703	-0.98837
27.719	-0.991541
27.734	-0.994061
27.766	-0.997955
27.781	-0.999082
27.797	-0.999788
27.813	-0.999983
27.844	-0.998905
27.859	-0.997695
27.875	-0.995911
27.906	-0.99102
27.922	-0.987762
27.938	-0.984011
27.953	-0.980051
27.984	-0.970532
28	-0.964929
28.016	-0.958867
28.047	-0.94585
28.063	-0.938494
28.078	-0.931215
28.094	-0.923054
28.125	-0.90612
28.141	-0.896824
28.156	-0.88778
28.188	-0.867474
28.203	-0.857506
28.219	-0.846574
28.234	-0.836058
28.266	-0.812814
28.281	-0.801564
28.297	-0.789336
28.313	-0.776884
28.344	-0.752183
28.359	-0.739983
28.375	-0.726811
28.406	-0.700877
28.422	-0.687307
28.438	-0.67363
28.453	-0.660723
28.484	-0.633842
28.5	-0.619884
28.516	-0.605887
28.547	-0.578706
28.563	-0.564669
28.578	-0.551519
28.594	-0.537515
28.625	-0.510489
28.641	-0.496616
28.656	-0.483671
28.672	-0.469938
28.703	-0.443583
28.719	-0.43013
28.734	-0.417621
28.75	-0.404397
28.781	-0.379153
28.797	-0.366334
28.813	-0.353668
28.844	-0.329589
28.859	-0.318167
28.875	-0.306157
28.906	-0.283415
28.922	-0.271961
28.938	-0.260705
28.953	-0.250338
28.984	-0.229496
29	-0.219053
29.016	-0.20883
29.047	-0.189658
29.063	-0.180096
29.078	-0.171343
29.094	-0.162231
29.125	-0.145251
29.141	-0.136839
29.156	-0.129171
29.172	-0.121228
29.203	-0.106536
29.219	-0.0993157
29.234	-0.0927722
29.266	-0.0795462
29.281	-0.0736919
29.297	-0.0676913
29.313	-0.0619432
29.344	-0.0515267
29.359	-0.0468285
29.375	-0.0420635
29.391	-0.0375531
29.422	-0.0295398
29.438	-0.0257789
29.453	-0.022485
29.484	-0.0163897
29.5	-0.0136194
29.516	-0.0111049
29.531	-0.00898005
29.563	-0.00519879
29.578	-0.00377879
29.594	-0.00251211
29.609	-0.0015571
29.641	-0.000271725
29.656	-2.17E-05
29.672	-3.02E-06
29.688	-0.000240335
29.719	-0.00142863
29.734	-0.00234861
29.75	-0.00357792
29.781	-0.00668816
29.797	-0.00866941
29.813	-0.0109066
29.828	-0.0132364
29.859	-0.0187638
29.875	-0.0219923
29.891	-0.0254765
29.922	-0.0329539
29.938	-0.0371881
29.953	-0.0413892
29.984	-0.0507804
30	-0.0560008
30.016	-0.0614747
30.031	-0.0668364
30.063	-0.0790159
30.078	-0.0850713
30.094	-0.091773
30.125	-0.105467
30.141	-0.112898
30.156	-0.120089
30.172	-0.127996
30.203	-0.144008
30.219	-0.152626
30.234	-0.160921
30.266	-0.179309
30.281	-0.188248
30.297	-0.198004
30.313	-0.207986
30.344	-0.227958
30.359	-0.237914
30.375	-0.24874
30.406	-0.270305
30.422	-0.281731
30.438	-0.293352
30.453	-0.304419
30.484	-0.3278
30.5	-0.340125
30.516	-0.352618
30.531	-0.364475
30.563	-0.390216
30.578	-0.402477
30.594	-0.415683
30.625	-0.441612
30.641	-0.455155
30.656	-0.46794
30.672	-0.481661
30.703	-0.50846
30.719	-0.52238
30.734	-0.535473
30.75	-0.549473
30.781	-0.576656
30.797	-0.590693
30.813	-0.604717
30.844	-0.631807
30.859	-0.644853
30.875	-0.658707
30.906	-0.685316
30.922	-0.698903
30.938	-0.71237
30.953	-0.724875
30.984	-0.750293
31	-0.763159
31.016	-0.775835
31.031	-0.787531
31.063	-0.81182
31.078	-0.822868
31.094	-0.834397
31.125	-0.855928
31.141	-0.866596
31.156	-0.876307
31.172	-0.886342
31.203	-0.904784
31.219	-0.913761
31.234	-0.921828
31.266	-0.937859
31.281	-0.944801
31.297	-0.95179
31.313	-0.958339
31.344	-0.969741
31.359	-0.974634
31.375	-0.979394
31.391	-0.983673
31.422	-0.990573
31.438	-0.993406
31.453	-0.995606
31.469	-0.997463
31.5	-0.999613
31.516	-0.999973
31.531	-0.999845
31.563	-0.99807
31.578	-0.996536
31.594	-0.994409
31.609	-0.991958
31.641	-0.985265
31.656	-0.981452
31.672	-0.976915
31.688	-0.971902
31.719	-0.96086
31.734	-0.954903
31.75	-0.948118
31.781	-0.933746
31.797	-0.925715
31.813	-0.917283
31.828	-0.909022
31.859	-0.890909
31.875	-0.881035
31.891	-0.87082
31.922	-0.850113
31.938	-0.83898
31.953	-0.828284
31.969	-0.816613
32	-0.793284
32.016	-0.780902
32.031	-0.769101
32.063	-0.743359
32.078	-0.731054
32.094	-0.717778
32.109	-0.705205
32.141	-0.678028
32.156	-0.665148
32.172	-0.651329
32.203	-0.624367
32.219	-0.610381
32.234	-0.597241
32.25	-0.583209
32.281	-0.556017
32.297	-0.542004
32.313	-0.528022
32.328	-0.514951
32.375	-0.474334
32.391	-0.460658
32.406	-0.447921
32.438	-0.421056
32.453	-0.408625
32.469	-0.395488
32.484	-0.383295
32.516	-0.357713
32.531	-0.345935
32.563	-0.321297
32.578	-0.309988
32.594	-0.298102
32.609	-0.28713
32.641	-0.264292
32.656	-0.253863
32.672	-0.24294
32.688	-0.232226
32.719	-0.212083
32.734	-0.202633
32.75	-0.192771
32.766	-0.183136
32.797	-0.165126
32.813	-0.156175
32.828	-0.147998
32.859	-0.131768
32.875	-0.123747
32.891	-0.11597
32.922	-0.101602
32.938	-0.09455
32.953	-0.0881651
32.969	-0.0815968
33	-0.0695853
33.016	-0.063756
33.031	-0.0585207
33.063	-0.0480968
33.078	-0.0435604
33.094	-0.0389682
33.109	-0.0348945
33.141	-0.0269533
33.156	-0.0235825
33.172	-0.0202346
33.188	-0.0171423
33.219	-0.011879
33.234	-0.00967711
33.25	-0.00757632
33.281	-0.00423441
33.297	-0.00288553
33.313	-0.00179265
33.344	-0.000403674
33.359	-7.66E-05
33.375	2.43E-05
33.391	-0.000130809
33.422	-0.00115983
33.438	-0.00206694
33.469	-0.00455295
33.484	-0.00610084
33.516	-0.0101549
33.531	-0.0124076
33.563	-0.0179651
33.594	-0.0243244
33.609	-0.0277459
33.641	-0.0357952
33.656	-0.0399196
33.688	-0.0494663
33.703	-0.0542914
33.734	-0.0649695
33.75	-0.0708523
33.781	-0.082967
33.813	-0.0964596
33.828	-0.103127
33.859	-0.117596
33.875	-0.125425
33.906	-0.141287
33.938	-0.158607
33.953	-0.167052
33.984	-0.185158
34	-0.194841
34.031	-0.214245
34.063	-0.235144
34.078	-0.245236
34.109	-0.266673
34.125	-0.278035
34.156	-0.300604
34.172	-0.312529
34.188	-0.324635
34.203	-0.336144
34.234	-0.360393
34.25	-0.373142
34.266	-0.386039
34.297	-0.411424
34.313	-0.424714
34.328	-0.437281
34.344	-0.45079
34.375	-0.477242
34.391	-0.491017
34.406	-0.503997
34.438	-0.531853
34.453	-0.54497
34.469	-0.558988
34.484	-0.572144
34.516	-0.600211
34.531	-0.613346
34.547	-0.627323
34.578	-0.654261
34.594	-0.668064
34.609	-0.680926
34.625	-0.694548
34.656	-0.720602
34.672	-0.733845
34.688	-0.746932
34.703	-0.759044
34.734	-0.783542
34.75	-0.795876
34.766	-0.807981
34.781	-0.819105
34.813	-0.842062
34.828	-0.852432
34.844	-0.863201
34.875	-0.883153
34.891	-0.892954
34.906	-0.901818
34.938	-0.919633
34.953	-0.927448
34.969	-0.935392
34.984	-0.942461
35.016	-0.956281
35.031	-0.962149
35.047	-0.967967
35.078	-0.977913
35.094	-0.982348
35.109	-0.986064
35.125	-0.989553
35.156	-0.994898
35.172	-0.996918
35.188	-0.99843
35.219	-0.999909
35.234	-0.999935
35.25	-0.999467
35.266	-0.998488
35.297	-0.995142
35.313	-0.992673
35.328	-0.989903
35.359	-0.982801
35.375	-0.978419
35.391	-0.973558
35.406	-0.968572
35.438	-0.95658
35.453	-0.950339
35.469	-0.943258
35.484	-0.936232
35.516	-0.920028
35.531	-0.911884
35.547	-0.902827
35.578	-0.884237
35.594	-0.87413
35.609	-0.864354
35.625	-0.853619
35.656	-0.831968
35.672	-0.820382
35.688	-0.808535
35.703	-0.797205
35.734	-0.773157
35.75	-0.760439
35.766	-0.747534
35.781	-0.735277
35.813	-0.708678
35.828	-0.696023
35.844	-0.682413
35.875	-0.655767
35.891	-0.641898
35.906	-0.628841
35.938	-0.60086
35.953	-0.587708
35.969	-0.573671
35.984	-0.560513
36.016	-0.5325
36.031	-0.519415
36.047	-0.505506
36.078	-0.478736
36.094	-0.465032
36.109	-0.452265
36.125	-0.438744
36.156	-0.412862
36.172	-0.399684
36.188	-0.386638
36.219	-0.361771
36.234	-0.349945
36.25	-0.337487
36.266	-0.325198
36.297	-0.301891
36.313	-0.290132
36.328	-0.279281
36.359	-0.257407
36.375	-0.246416
36.391	-0.235635
36.422	-0.215357
36.438	-0.205212
36.453	-0.195905
36.469	-0.186197
36.5	-0.168043
36.516	-0.159016
36.531	-0.150768
36.547	-0.142201
36.578	-0.126288
36.594	-0.118433
36.609	-0.111291
36.625	-0.103911
36.656	-0.0903198
36.672	-0.0836711
36.688	-0.0772731
36.719	-0.0655929
36.734	-0.0602815
36.75	-0.0548613
36.766	-0.0496947
36.797	-0.0404079
36.813	-0.0359888
36.828	-0.0320774
36.844	-0.0281525
36.875	-0.0212749
36.891	-0.0181005
36.906	-0.0153569
36.938	-0.0102553
36.953	-0.00821632
36.969	-0.00628933
37	-0.00328422
37.016	-0.00210918
37.047	-0.00056103
37.063	-0.000137984
37.078	2.61E-05
37.094	-4.68E-05
37.125	-0.000916679
37.141	-0.00174163
37.156	-0.00274752
37.172	-0.00406847
37.203	-0.00735625
37.219	-0.00942912
37.234	-0.0116049
37.266	-0.0169981
37.281	-0.0198784
37.297	-0.0231984
37.313	-0.026774
37.344	-0.0344286
37.359	-0.0384762
37.375	-0.0430406
37.391	-0.0478596
37.422	-0.0579195
37.438	-0.0634841
37.453	-0.0689306
37.484	-0.0808889
37.5	-0.0874299
37.516	-0.094221
37.531	-0.100814
37.563	-0.115607
37.578	-0.12288
37.594	-0.130875
37.609	-0.13859
37.641	-0.155757
37.656	-0.164132
37.672	-0.173293
37.688	-0.182686
37.719	-0.20154
37.734	-0.210967
37.75	-0.221237
37.781	-0.241754
37.797	-0.252655
37.813	-0.263763
37.828	-0.274361
37.859	-0.296811
37.875	-0.308676
37.891	-0.320725
37.922	-0.344567
37.938	-0.357118
37.953	-0.369028
37.969	-0.381878
38	-0.407179
38.016	-0.42043
38.031	-0.432962
38.063	-0.460017
38.078	-0.472832
38.094	-0.486583
38.109	-0.499542
38.141	-0.527365
38.156	-0.540471
38.172	-0.554481
38.203	-0.581672
38.219	-0.595705
38.234	-0.608847
38.25	-0.622837
38.281	-0.649811
38.297	-0.663639
38.313	-0.677384
38.344	-0.703729
38.359	-0.716315
38.375	-0.729607
38.391	-0.742745
38.422	-0.767711
38.438	-0.780314
38.453	-0.791938
38.484	-0.815318
38.5	-0.827018
38.516	-0.838448
38.531	-0.848907
38.563	-0.87033
38.578	-0.87993
38.594	-0.889842
38.609	-0.898815
38.641	-0.916874
38.656	-0.924808
38.672	-0.932883
38.688	-0.940545
38.719	-0.954177
38.734	-0.96018
38.75	-0.966145
38.781	-0.976384
38.797	-0.980973
38.813	-0.985078
38.828	-0.988483
38.859	-0.994138
38.875	-0.99632
38.891	-0.997995
38.922	-0.999792
38.938	-0.999968
38.953	-0.999668
38.969	-0.998853
39	-0.995823
39.016	-0.993515
39.031	-0.990896
39.063	-0.983849
39.078	-0.979873
39.094	-0.975164
39.109	-0.97032
39.141	-0.958621
39.156	-0.952513
39.172	-0.945571
39.203	-0.930906
39.219	-0.92273
39.234	-0.914704
39.25	-0.905768
39.281	-0.887401
39.297	-0.877403
39.313	-0.86707
39.328	-0.857091
39.359	-0.835622
39.375	-0.824122
39.391	-0.812357
39.422	-0.788862
39.438	-0.776403
39.453	-0.764534
39.469	-0.751687
39.5	-0.726303
39.516	-0.712976
39.531	-0.700359
39.547	-0.686785
39.578	-0.660194
39.594	-0.646348
39.609	-0.633308
39.641	-0.60535
39.656	-0.592203
39.672	-0.578167
39.688	-0.56413
39.719	-0.536978
39.734	-0.523881
39.75	-0.509955
39.766	-0.496085
39.797	-0.469411
39.813	-0.455767
39.828	-0.443063
39.859	-0.417109
39.875	-0.40389
39.891	-0.390801
39.922	-0.365842
39.938	-0.353182
39.953	-0.341458
39.969	-0.329114
40	-0.305695
40.016	-0.293876
40.031	-0.282967
40.063	-0.260272
40.078	-0.249912
40.094	-0.239063
40.109	-0.229085
40.141	-0.208435
40.156	-0.19906
40.172	-0.189279
40.203	-0.170981
40.219	-0.161878
40.234	-0.153559
40.25	-0.144915
40.281	-0.128852
40.297	-0.120918
40.313	-0.113229
40.344	-0.0990329
40.359	-0.092498
40.375	-0.0857692
40.406	-0.0734452
40.422	-0.0674539
40.438	-0.0617152
40.453	-0.056565
40.484	-0.0466277
40.5	-0.0418721
40.516	-0.0373712
40.531	-0.0333832
40.563	-0.0256249
40.578	-0.02234
40.594	-0.0190837
40.609	-0.0162631
40.641	-0.0109974
40.656	-0.0088815
40.672	-0.00687242
40.703	-0.00370825
40.719	-0.00245111
40.734	-0.00150504
40.75	-0.000743893
40.781	2.33E-06
40.797	1.15E-05
40.813	-0.000235373
40.828	-0.000699297
40.859	-0.00237107
40.875	-0.00360992
40.891	-0.00510475
40.922	-0.00872942
40.938	-0.0109761
40.953	-0.0133149
40.969	-0.0160574
41	-0.0220988
41.016	-0.0255925
41.031	-0.0290998
41.063	-0.037332
41.078	-0.041542
41.094	-0.0462794
41.109	-0.0509517
41.141	-0.0616649
41.156	-0.0670354
41.172	-0.0730086
41.203	-0.0852979
41.219	-0.0920089
41.234	-0.098527
41.25	-0.10572
41.281	-0.120361
41.297	-0.128277
41.313	-0.136437
41.328	-0.144307
41.359	-0.161237
41.375	-0.170322
41.391	-0.179642
41.422	-0.198354
41.438	-0.208344
41.453	-0.217913
41.469	-0.228332
41.5	-0.24913
41.516	-0.260172
41.531	-0.270709
41.547	-0.282142
41.578	-0.304844
41.594	-0.316835
41.609	-0.328239
41.625	-0.34057
41.656	-0.364932
41.672	-0.377735
41.688	-0.390684
41.719	-0.41616
41.734	-0.428657
41.75	-0.442098
41.766	-0.455645
41.797	-0.482158
41.813	-0.49596
41.828	-0.508961
41.844	-0.522884
41.875	-0.549979
41.891	-0.564004
41.906	-0.577164
41.938	-0.605224
41.953	-0.618348
41.969	-0.632311
42	-0.659207
42.016	-0.67298
42.031	-0.68581
42.047	-0.699392
42.078	-0.725355
42.094	-0.738544
42.109	-0.750761
42.141	-0.776289
42.156	-0.787978
42.172	-0.800232
42.188	-0.81225
42.219	-0.834808
42.234	-0.845353
42.25	-0.856317
42.266	-0.866975
42.297	-0.886696
42.313	-0.896371
42.328	-0.905113
42.359	-0.922128
42.375	-0.930333
42.391	-0.938129
42.422	-0.952029
42.438	-0.958561
42.453	-0.964277
42.469	-0.96993
42.5	-0.979548
42.516	-0.98381
42.531	-0.987362
42.563	-0.993488
42.578	-0.99567
42.594	-0.997508
42.609	-0.99877
42.641	-0.999962
42.656	-0.999816
42.672	-0.999164
42.703	-0.99645
42.719	-0.994304
42.734	-0.991835
42.75	-0.988718
42.781	-0.981275
42.797	-0.97672
42.813	-0.971689
42.828	-0.966546
42.859	-0.95464
42.875	-0.947838
42.891	-0.940603
42.922	-0.925389
42.938	-0.916942
42.953	-0.908668
42.984	-0.890527
43	-0.88064
43.016	-0.870412
43.031	-0.860528
43.063	-0.838538
43.078	-0.827832
43.094	-0.81615
43.109	-0.804967
43.141	-0.780414
43.156	-0.768605
43.172	-0.755819
43.203	-0.730538
43.219	-0.717257
43.234	-0.704679
43.266	-0.677493
43.281	-0.66461
43.297	-0.650787
43.313	-0.636895
43.344	-0.609833
43.359	-0.596693
43.375	-0.58266
43.391	-0.568622
43.422	-0.541456
43.438	-0.527475
43.453	-0.514405
43.484	-0.487552
43.5	-0.473796
43.516	-0.460123
43.531	-0.447389
43.563	-0.420533
43.578	-0.408105
43.594	-0.394974
43.609	-0.382786
43.641	-0.357215
43.656	-0.345442
43.672	-0.333044
43.688	-0.320817
43.719	-0.297636
43.734	-0.28667
43.75	-0.275159
43.781	-0.253425
43.797	-0.242509
43.813	-0.231804
43.828	-0.221963
43.859	-0.202235
43.875	-0.192381
43.891	-0.182755
43.922	-0.164762
43.938	-0.15582
43.953	-0.147652
43.969	-0.139171
44	-0.123427
44.016	-0.115659
44.031	-0.1086
44.063	-0.0942668
44.078	-0.0878908
44.094	-0.0813319
44.125	-0.0693388
44.141	-0.0635191
44.156	-0.0582928
44.172	-0.0529635
44.203	-0.0433608
44.219	-0.0387782
44.234	-0.0347136
44.266	-0.0267917
44.281	-0.02343
44.297	-0.0200917
44.313	-0.0170092
44.344	-0.0117647
44.359	-0.00957182
44.375	-0.00748072
44.406	-0.00415761
44.438	-0.00173524
44.453	-0.000952254
44.469	-0.000365065
44.484	-4.71E-05
44.516	-0.000120694
44.531	-0.000507703
44.547	-0.00116851
44.563	-0.00208532
44.594	-0.00459012
44.609	-0.00614711
44.625	-0.00805586
44.641	-0.0102206
44.672	-0.0151429
44.688	-0.0180592
44.703	-0.0210256
44.734	-0.0278679
44.75	-0.0317746
44.766	-0.0359366
44.781	-0.04007
44.813	-0.049636
44.828	-0.0544701
44.844	-0.0598723
44.875	-0.0710592
44.891	-0.0772037
44.906	-0.0831924
44.938	-0.0967039
44.953	-0.103381
44.969	-0.110742
44.984	-0.117868
45.016	-0.133788
45.031	-0.141585
45.047	-0.150135
45.078	-0.167377
45.094	-0.176622
45.109	-0.1855
45.125	-0.195192
45.156	-0.214612
45.172	-0.224961
45.188	-0.235528
45.219	-0.256603
45.234	-0.26708
45.25	-0.278449
45.281	-0.301033
45.297	-0.312965
45.313	-0.325078
45.328	-0.336593
45.359	-0.360854
45.375	-0.373608
45.391	-0.386511
45.406	-0.398736
45.438	-0.425201
45.453	-0.437772
45.469	-0.451286
45.5	-0.477744
45.516	-0.491522
45.531	-0.504504
45.547	-0.51841
45.578	-0.545483
45.594	-0.559501
45.609	-0.572658
45.625	-0.586696
45.656	-0.613859
45.672	-0.627835
45.688	-0.641765
45.719	-0.668569
45.734	-0.681428
45.75	-0.695046
45.766	-0.708549
45.797	-0.734328
45.813	-0.747409
45.828	-0.759514
45.844	-0.772246
45.875	-0.796324
45.891	-0.808419
45.906	-0.819535
45.938	-0.842471
45.953	-0.852831
45.969	-0.863588
45.984	-0.873386
46.016	-0.893304
46.031	-0.902155
46.047	-0.911239
46.078	-0.927742
46.094	-0.93567
46.109	-0.942725
46.125	-0.949836
46.156	-0.962363
46.172	-0.968164
46.188	-0.9735
46.219	-0.982491
46.234	-0.986191
46.25	-0.989661
46.281	-0.994968
46.297	-0.996969
46.313	-0.998462
46.328	-0.999398
46.359	-0.99991
46.375	-0.999423
46.391	-0.998424
46.422	-0.995041
46.438	-0.992552
46.469	-0.98631
46.484	-0.982626
46.5	-0.978225
46.531	-0.968343
46.547	-0.962557
46.563	-0.956316
46.578	-0.950059
46.609	-0.935919
46.625	-0.928004
46.641	-0.919684
46.656	-0.911526
46.688	-0.893013
46.703	-0.883838
46.719	-0.873718
46.734	-0.86393
46.766	-0.842133
46.781	-0.83151
46.797	-0.819914
46.828	-0.796718
46.844	-0.784399
46.859	-0.772653
46.875	-0.759928
46.906	-0.734753
46.922	-0.721519
46.938	-0.708142
46.969	-0.681868
46.984	-0.669012
47	-0.655215
47.031	-0.628284
47.047	-0.614309
47.063	-0.6003
47.078	-0.587148
47.109	-0.559953
47.125	-0.545933
47.141	-0.531941
47.172	-0.50495
47.188	-0.491103
47.203	-0.478185
47.219	-0.464484
47.25	-0.438204
47.266	-0.424795
47.281	-0.41233
47.313	-0.386116
47.328	-0.37402
47.344	-0.36126
47.359	-0.34944
47.391	-0.324706
47.406	-0.31335
47.422	-0.301412
47.453	-0.278816
47.469	-0.26744
47.484	-0.256957
47.5	-0.245974
47.531	-0.225295
47.547	-0.214939
47.563	-0.204803
47.594	-0.185805
47.609	-0.17692
47.625	-0.167667
47.641	-0.158649
47.672	-0.141852
47.688	-0.133535
47.703	-0.125958
47.734	-0.110978
47.75	-0.103609
47.766	-0.0964866
47.781	-0.0900356
47.813	-0.0770082
47.828	-0.0712475
47.844	-0.0653469
47.875	-0.0546341
47.891	-0.0494774
47.906	-0.0448737
47.938	-0.0358003
47.953	-0.0318981
47.969	-0.0279831
48	-0.0211245
48.016	-0.0179601
48.031	-0.0152257
48.047	-0.0125569
48.078	-0.00811414
48.094	-0.00619703
48.109	-0.00463221
48.141	-0.0020459
48.156	-0.00118605
48.172	-0.000516887
48.188	-0.00010372
48.219	-3.17E-05
48.234	-0.000341865
48.25	-0.000920698
48.281	-0.00277068
48.297	-0.00410151
48.313	-0.00568832
48.328	-0.00740843
48.359	-0.0116762
48.375	-0.0142548
48.391	-0.0170892
48.422	-0.0233086
48.438	-0.0268941
48.453	-0.0304875
48.484	-0.0386246
48.5	-0.0431988
48.516	-0.0480276
48.531	-0.0527855
48.563	-0.0636809
48.578	-0.0691365
48.594	-0.0752003
48.625	-0.0876644
48.641	-0.0944652
48.656	-0.101067
48.672	-0.10835
48.703	-0.123161
48.719	-0.131165
48.734	-0.13889
48.766	-0.156075
48.781	-0.164458
48.797	-0.173628
48.813	-0.183031
48.844	-0.201902
48.859	-0.211337
48.875	-0.221616
48.891	-0.232113
48.922	-0.253058
48.938	-0.264174
48.969	-0.286283
48.984	-0.297243
49	-0.309116
49.031	-0.332635
49.047	-0.345027
49.063	-0.357584
49.078	-0.3695
49.109	-0.394539
49.125	-0.407667
49.141	-0.420923
49.172	-0.446939
49.188	-0.460522
49.203	-0.473341
49.219	-0.487095
49.25	-0.513944
49.266	-0.527884
49.281	-0.540992
49.297	-0.555003
49.328	-0.582194
49.344	-0.596228
49.359	-0.609369
49.391	-0.637303
49.406	-0.650327
49.422	-0.664152
49.438	-0.677895
49.469	-0.704232
49.484	-0.716813
49.5	-0.730099
49.531	-0.755391
49.547	-0.768184
49.563	-0.78078
49.578	-0.792395
49.609	-0.815758
49.625	-0.827447
49.641	-0.838868
49.672	-0.860171
49.688	-0.870715
49.703	-0.880303
49.719	-0.890202
49.75	-0.908366
49.766	-0.917191
49.781	-0.925111
49.813	-0.940817
49.828	-0.9476
49.844	-0.954416
49.875	-0.96635
49.891	-0.971837
49.906	-0.976554
49.938	-0.985211
49.953	-0.988597
49.969	-0.991731
50	-0.996377

