0 1 0 0
0.04 1 -0.0008 0
0.1 0.999987 -0.00499995 0
0.15 0.999937 -0.0112494 0
0.18 0.999869 -0.0161983 0
0.23 0.99965 -0.0264426 0
0.26 0.999429 -0.0337846 0
0.31 0.998847 -0.0480057 0
0.35 0.998128 -0.0611584 0
0.39 0.997117 -0.075875 0
0.43 0.995746 -0.0921363 0
0.471 0.993889 -0.11038 0
0.511 0.991555 -0.129683 0
0.551 0.988621 -0.150429 0
0.591 0.984998 -0.172565 0
0.631 0.980598 -0.196029 0
0.671 0.975331 -0.220748 0
0.711 0.969108 -0.246637 0
0.751 0.961844 -0.273599 0
0.791 0.953458 -0.301527 0
0.831 0.943874 -0.330305 0
0.871 0.933027 -0.359806 0
0.911 0.920858 -0.389897 0
0.951 0.907322 -0.420436 0
0.981 0.89625 -0.443548 0
1.021 0.880244 -0.474521 0
1.061 0.862805 -0.505536 0
1.101 0.843938 -0.536441 0
1.142 0.823134 -0.567847 0
1.182 0.801443 -0.598071 0
1.222 0.778426 -0.627736 0
1.262 0.754149 -0.656703 0
1.302 0.728695 -0.684838 0
1.342 0.702166 -0.712014 0
1.382 0.674677 -0.738113 0
1.422 0.646363 -0.76303 0
1.462 0.617374 -0.786669 0
1.502 0.587875 -0.808952 0
1.532 0.565522 -0.824733 0
1.572 0.535566 -0.844493 0
1.612 0.505617 -0.862758 0
1.652 0.475881 -0.87951 0
1.692 0.446567 -0.89475 0
1.732 0.417885 -0.9085 0
1.772 0.390041 -0.920797 0
1.812 0.36323 -0.9317 0
1.853 0.337007 -0.941502 0
1.893 0.312806 -0.949817 0
1.933 0.290089 -0.957 0
1.973 0.268921 -0.963163 0
2.013 0.249305 -0.968425 0
2.053 0.231168 -0.972914 0
2.093 0.214338 -0.97676 0
2.133 0.198546 -0.980092 0
2.163 0.187163 -0.982329 0
2.203 0.172245 -0.985054 0
2.243 0.157167 -0.987572 0
2.283 0.141421 -0.98995 0
2.323 0.124524 -0.992217 0
2.363 0.106058 -0.99436 0
2.403 0.0856964 -0.996321 0
2.443 0.0632042 -0.998 0
2.483 0.0384408 -0.99926 0
2.523 0.0113475 -0.999935 0
2.564 -0.0188288 -0.999822 0
2.604 -0.0505442 -0.998721 0
2.644 -0.0843873 -0.996432 0
2.684 -0.1202 -0.992749 0
2.724 -0.157792 -0.987471 0
2.764 -0.196947 -0.980413 0
2.804 -0.237429 -0.971404 0
2.844 -0.278983 -0.960295 0
2.874 -0.310694 -0.950509 0
2.914 -0.353481 -0.93544 0
2.954 -0.396594 -0.917993 0
2.994 -0.439749 -0.898119 0
3.034 -0.482667 -0.875802 0
3.074 -0.525069 -0.851057 0
3.114 -0.56668 -0.823936 0
3.154 -0.607232 -0.794522 0
3.194 -0.646469 -0.762938 0
3.235 -0.685064 -0.72848 0
3.275 -0.720904 -0.693032 0
3.315 -0.754744 -0.656016 0
3.355 -0.78641 -0.617701 0
3.395 -0.815758 -0.57839 0
3.435 -0.842686 -0.538401 0
3.465 -0.861258 -0.508163 0
3.505 -0.88384 -0.467783 0
3.545 -0.903954 -0.427623 0
3.585 -0.921664 -0.387981 0
3.625 -0.937073 -0.349127 0
3.675 -0.953299 -0.302021 0
3.715 -0.964042 -0.26574 0
3.755 -0.97298 -0.230877 0
3.795 -0.98029 -0.197551 0
3.835 -0.986148 -0.165851 0
3.875 -0.990728 -0.135842 0
3.916 -0.994269 -0.106884 0
3.956 -0.996759 -0.0804142 0
3.996 -0.998444 -0.0557166 0
4.036 -0.99946 -0.0327914 0
4.076 -0.99993 -0.0116309 0
4.116 -0.999967 0.00777863 0
4.156 -0.999673 0.0254552 0
4.196 -0.999139 0.0414193 0
4.236 -0.998445 0.055693 0
4.276 -0.997662 0.0682983 0
4.316 -0.996852 0.0792568 0
4.356 -0.996066 0.0885887 0
4.396 -0.995348 0.0963123 0
4.436 -0.994736 0.102443 0
4.476 -0.994257 0.106995 0
4.516 -0.993931 0.109977 0
4.556 -0.993773 0.111397 0
4.596 -0.993789 0.111257 0
4.637 -0.993984 0.109496 0
4.677 -0.994342 0.106196 0
4.717 -0.99485 0.101326 0
4.757 -0.995486 0.0948778 0
4.797 -0.996219 0.0868393 0
4.837 -0.997013 0.0771969 0
4.877 -0.997821 0.065936 0
4.917 -0.998589 0.0530417 0
4.957 -0.999255 0.0385006 0
4.997 -0.999748 0.0223017 0
5.037 -0.999987 0.00443868 0
5.087 -0.999792 -0.0202294 0
5.117 -0.999338 -0.0362706 0
5.157 -0.998249 -0.0590876 0
5.207 -0.995951 -0.0898547 0
5.247 -0.993222 -0.116201 0
5.287 -0.989572 -0.144011 0
5.328 -0.984752 -0.173939 0
5.358 -0.980463 -0.196682 0
5.398 -0.973654 -0.228013 0
5.448 -0.963249 -0.268595 0
5.488 -0.953302 -0.302004 0
5.518 -0.944846 -0.327503 0
5.558 -0.932193 -0.36195 0
5.598 -0.917922 -0.396751 0
5.638 -0.901998 -0.43173 0
5.688 -0.879742 -0.475442 0
5.728 -0.860053 -0.510196 0
5.768 -0.838703 -0.544582 0
5.808 -0.815718 -0.578442 0
5.838 -0.797432 -0.603402 0
5.878 -0.771697 -0.635983 0
5.918 -0.74448 -0.667638 0
5.958 -0.715864 -0.698234 0
6.009 -0.677512 -0.735507 0
6.049 -0.646117 -0.763233 0
6.089 -0.613719 -0.78952 0
6.129 -0.580479 -0.814271 0
6.159 -0.555102 -0.831778 0
6.199 -0.520827 -0.853658 0
6.239 -0.486244 -0.873819 0
6.279 -0.451578 -0.892228 0
6.319 -0.417071 -0.90887 0
6.359 -0.382976 -0.923755 0
6.399 -0.349556 -0.936912 0
6.439 -0.31708 -0.948396 0
6.479 -0.285822 -0.95828 0
6.519 -0.256053 -0.96666 0
6.559 -0.228039 -0.973649 0
6.599 -0.202037 -0.979375 0
6.639 -0.178285 -0.983977 0
6.679 -0.156997 -0.987597 0
6.72 -0.137918 -0.990442 0
6.76 -0.122102 -0.992516 0
6.8 -0.109089 -0.99403 0
6.84 -0.0988021 -0.995105 0
6.88 -0.0910105 -0.995848 0
6.92 -0.0852876 -0.996355 0
6.96 -0.0809959 -0.996713 0
7 -0.0773163 -0.997005 0
7.04 -0.0733329 -0.997306 0
7.08 -0.0681537 -0.997673 0
7.12 -0.0610207 -0.998135 0
7.16 -0.0513718 -0.998678 0
7.2 -0.0388482 -0.999243 0
7.24 -0.0232665 -0.999727 0
7.28 -0.00457875 -0.999988 0
7.32 0.0171645 -0.999851 0
7.36 0.0418429 -0.999122 0
7.401 0.0700065 -0.997544 0
7.441 0.100071 -0.994978 0
7.481 0.132455 -0.991187 0
7.521 0.166905 -0.98597 0
7.561 0.203153 -0.979144 0
7.601 0.240919 -0.970542 0
7.641 0.279918 -0.960021 0
7.681 0.319861 -0.947461 0
7.721 0.360463 -0.93277 0
7.761 0.401442 -0.915881 0
7.801 0.442523 -0.896753 0
7.841 0.483444 -0.875371 0
7.881 0.523953 -0.851743 0
7.921 0.563812 -0.825899 0
7.961 0.602795 -0.797891 0
8.001 0.640693 -0.767791 0
8.041 0.677308 -0.735693 0
8.081 0.712457 -0.701709 0
8.122 0.746784 -0.66506 0
8.162 0.778452 -0.627696 0
8.202 0.808176 -0.588933 0
8.242 0.835827 -0.548984 0
8.282 0.861295 -0.508095 0
8.322 0.884494 -0.46654 0
8.362 0.905366 -0.424619 0
8.402 0.923889 -0.382646 0
8.442 0.940077 -0.340943 0
8.482 0.953988 -0.299823 0
8.522 0.965716 -0.259578 0
8.562 0.975389 -0.220464 0
8.602 0.983162 -0.182701 0
8.642 0.98921 -0.14646 0
8.682 0.993716 -0.111874 0
8.722 0.996865 -0.0790312 0
8.762 0.998841 -0.0479899 0
8.803 0.99983 -0.0180722 0
8.843 0.99995 0.00925535 0
8.883 0.999389 0.0347548 0
8.923 0.998283 0.0584474 0
8.963 0.996758 0.0803623 0
9.003 0.994926 0.100533 0
9.043 0.992887 0.118998 0
9.083 0.990729 0.135793 0
9.123 0.988532 0.150956 0
9.163 0.986365 0.164523 0
9.203 0.984288 0.176526 0
9.243 0.982352 0.186996 0
9.283 0.980603 0.195961 0
9.323 0.979078 0.203443 0
9.363 0.977808 0.209461 0
9.403 0.976817 0.214032 0
9.443 0.976125 0.217167 0
9.484 0.975739 0.218896 0
9.524 0.975684 0.219138 0
9.564 0.97595 0.217951 0
9.614 0.976725 0.21445 0
9.654 0.977686 0.210023 0
9.694 0.978933 0.204133 0
9.734 0.980441 0.196763 0
9.774 0.98218 0.18789 0
9.814 0.984112 0.177488 0
9.854 0.986194 0.16553 0
9.894 0.988372 0.151983 0
9.934 0.990586 0.136814 0
9.974 0.992765 0.119987 0
10.014 0.994828 0.101464 0
10.054 0.996686 0.0812083 0
10.094 0.998236 0.0591817 0
10.134 0.999364 0.0353472 0
10.175 0.999948 0.00900437 0
10.215 0.999816 -0.0185937 0
10.255 0.998831 -0.0480922 0
10.295 0.996823 -0.0795097 0
10.335 0.9936 -0.112854 0
10.375 0.988958 -0.148121 0
10.415 0.982673 -0.185285 0
10.455 0.974509 -0.224298 0
10.495 0.964214 -0.265083 0
10.535 0.951531 -0.307518 0
10.575 0.936201 -0.351435 0
10.615 0.917979 -0.396603 0
10.655 0.896647 -0.442723 0
10.695 0.872035 -0.489422 0
10.735 0.844044 -0.536256 0
10.775 0.812658 -0.582724 0
10.815 0.777963 -0.628296 0
10.855 0.740138 -0.672442 0
10.896 0.698395 -0.715702 0
10.936 0.655099 -0.755533 0
10.976 0.609627 -0.79268 0
11.016 0.562353 -0.82689 0
11.056 0.513651 -0.857993 0
11.096 0.463885 -0.885889 0
11.136 0.413409 -0.91054 0
11.176 0.362565 -0.931954 0
11.216 0.311683 -0.950182 0
11.256 0.261088 -0.965312 0
11.296 0.211095 -0.977463 0
11.336 0.162012 -0.986787 0
11.376 0.114142 -0.993463 0
11.416 0.0677764 -0.9977 0
11.456 0.023195 -0.99973 0
11.496 -0.0193358 -0.999813 0
11.536 -0.0595675 -0.998225 0
11.567 -0.0890194 -0.99603 0
11.607 -0.124622 -0.992205 0
11.657 -0.165063 -0.986284 0
11.697 -0.19398 -0.981007 0
11.737 -0.219716 -0.975566 0
11.777 -0.242194 -0.97023 0
11.817 -0.261391 -0.965235 0
11.857 -0.277349 -0.960772 0
11.897 -0.290202 -0.956968 0
11.937 -0.3002 -0.953879 0
11.977 -0.30774 -0.951473 0
12.017 -0.313379 -0.949631 0
12.057 -0.317816 -0.948155 0
12.097 -0.32183 -0.9468 0
12.137 -0.326194 -0.945306 0
12.177 -0.331577 -0.943431 0
12.217 -0.338488 -0.940973 0
12.257 -0.347257 -0.937772 0
12.298 -0.35835 -0.93359 0
12.338 -0.371261 -0.928531 0
12.378 -0.386176 -0.922427 0
12.418 -0.402968 -0.915216 0
12.458 -0.421468 -0.906845 0
12.498 -0.44148 -0.897273 0
12.538 -0.462789 -0.886469 0
12.578 -0.485175 -0.874418 0
12.618 -0.508416 -0.861112 0
12.658 -0.53229 -0.846562 0
12.698 -0.556584 -0.830791 0
12.738 -0.581092 -0.813837 0
12.778 -0.605623 -0.79575 0
12.818 -0.629997 -0.776596 0
12.858 -0.654049 -0.75645 0
12.898 -0.677631 -0.735399 0
12.938 -0.700611 -0.71354 0
12.979 -0.723421 -0.690403 0
13.019 -0.744849 -0.667228 0
13.059 -0.76538 -0.643573 0
13.099 -0.784949 -0.619553 0
13.139 -0.803508 -0.595286 0
13.179 -0.821021 -0.570889 0
13.219 -0.837467 -0.546477 0
13.259 -0.852838 -0.522164 0
13.299 -0.867134 -0.498062 0
13.339 -0.880367 -0.474278 0
13.379 -0.892559 -0.450915 0
13.419 -0.903736 -0.428071 0
13.459 -0.913934 -0.405842 0
13.499 -0.923193 -0.384315 0
13.539 -0.931555 -0.363575 0
13.579 -0.939069 -0.3437 0
13.619 -0.945785 -0.324764 0
13.66 -0.951892 -0.306399 0
13.7 -0.957147 -0.289566 0
13.74 -0.961758 -0.273859 0
13.78 -0.965777 -0.259332 0
13.82 -0.96925 -0.24603 0
13.86 -0.972225 -0.233995 0
13.9 -0.974745 -0.223265 0
13.94 -0.976849 -0.213871 0
13.98 -0.978572 -0.20584 0
14.02 -0.979946 -0.199196 0
14.06 -0.980996 -0.193956 0
14.1 -0.981744 -0.190136 0
14.14 -0.982204 -0.187746 0
14.18 -0.982385 -0.186791 0
14.22 -0.982293 -0.187274 0
14.26 -0.981925 -0.189193 0
14.3 -0.981274 -0.192542 0
14.34 -0.980326 -0.197312 0
14.381 -0.979026 -0.20366 0
14.421 -0.977415 -0.211258 0
14.461 -0.975434 -0.220221 0
14.501 -0.973052 -0.230521 0
14.541 -0.970229 -0.242125 0
14.581 -0.966926 -0.254997 0
14.621 -0.963098 -0.269095 0
14.661 -0.958699 -0.284369 0
14.701 -0.953681 -0.300769 0
14.741 -0.947996 -0.318233 0
14.781 -0.941596 -0.3367 0
14.821 -0.934432 -0.356098 0
14.861 -0.92646 -0.376351 0
14.901 -0.917637 -0.39738 0
14.941 -0.907925 -0.419097 0
14.981 -0.897288 -0.441411 0
15.021 -0.8857 -0.464225 0
15.062 -0.872813 -0.488024 0
15.102 -0.859243 -0.511538 0
15.142 -0.844685 -0.535237 0
15.182 -0.829145 -0.559007 0
15.222 -0.812642 -0.582738 0
15.262 -0.795207 -0.606314 0
15.302 -0.776883 -0.629623 0
15.342 -0.757726 -0.652552 0
15.382 -0.737808 -0.67499 0
15.422 -0.717215 -0.696833 0
15.462 -0.696046 -0.717979 0
15.502 -0.674416 -0.738334 0
15.542 -0.652451 -0.757814 0
15.582 -0.630294 -0.776341 0
15.622 -0.608094 -0.79385 0
15.662 -0.586013 -0.810287 0
15.702 -0.564217 -0.825613 0
15.743 -0.542351 -0.840139 0
15.783 -0.521653 -0.853145 0
15.823 -0.501748 -0.865001 0
15.863 -0.482783 -0.875728 0
15.903 -0.464885 -0.885359 0
15.943 -0.448147 -0.893949 0
15.983 -0.432613 -0.901569 0
16.023 -0.418265 -0.908314 0
16.063 -0.405003 -0.914305 0
16.103 -0.392634 -0.919684 0
16.143 -0.380861 -0.924622 0
16.183 -0.369293 -0.929303 0
16.223 -0.357463 -0.933917 0
16.263 -0.344868 -0.938641 0
16.303 -0.331012 -0.943617 0
16.343 -0.315446 -0.948934 0
16.383 -0.297794 -0.95462 0
16.423 -0.277765 -0.960639 0
16.464 -0.254556 -0.967048 0
16.504 -0.229167 -0.973377 0
16.544 -0.201007 -0.97958 0
16.584 -0.170074 -0.985421 0
16.624 -0.136414 -0.990642 0
16.664 -0.100118 -0.994966 0
16.704 -0.0613118 -0.998109 0
16.744 -0.020157 -0.999787 0
16.784 0.023155 -0.999721 0
16.824 0.0684051 -0.997647 0
16.874 0.127319 -0.991851 0
16.904 0.163719 -0.986496 0
16.944 0.213227 -0.976991 0
16.984 0.263564 -0.96463 0
17.024 0.314406 -0.949276 0
17.064 0.365409 -0.930834 0
17.104 0.416214 -0.909253 0
17.145 0.467694 -0.883877 0
17.185 0.516943 -0.856005 0
17.225 0.564839 -0.825185 0
17.265 0.610996 -0.791617 0
17.305 0.655046 -0.755571 0
17.345 0.696656 -0.717386 0
17.385 0.735543 -0.677457 0
17.425 0.77149 -0.636219 0
17.465 0.804357 -0.594122 0
17.505 0.834084 -0.551611 0
17.545 0.860688 -0.509104 0
17.585 0.884251 -0.46698 0
17.625 0.904908 -0.42557 0
17.665 0.922835 -0.385154 0
17.705 0.938231 -0.345963 0
17.745 0.95131 -0.308184 0
17.785 0.962291 -0.271962 0
17.826 0.971598 -0.236568 0
17.866 0.978992 -0.203815 0
17.906 0.984926 -0.172877 0
17.946 0.98959 -0.143794 0
17.986 0.993162 -0.116592 0
18.026 0.995807 -0.0912811 0
18.066 0.997677 -0.0678644 0
18.106 0.998908 -0.0463358 0
18.146 0.999626 -0.0266836 0
18.186 0.999942 -0.0088921 0
18.226 0.999956 0.00705728 0
18.266 0.999757 0.0211846 0
18.306 0.999419 0.0335104 0
18.346 0.99901 0.044055 0
18.386 0.998583 0.0528374 0
18.426 0.998186 0.059875 0
18.466 0.997853 0.0651832 0
18.506 0.997612 0.0687746 0
18.547 0.997478 0.0706845 0
18.587 0.997468 0.070827 0
18.627 0.997577 0.0692744 0
18.667 0.997796 0.0660287 0
18.707 0.998111 0.0610899 0
18.747 0.998494 0.0544567 0
18.787 0.998914 0.0461276 0
18.827 0.999326 0.036102 0
18.867 0.99968 0.0243818 0
18.907 0.999917 0.0109731 0
18.947 0.999969 -0.00411167 0
18.987 0.99976 -0.020852 0
19.027 0.999208 -0.0392168 0
19.067 0.998225 -0.0591633 0
19.107 0.99672 -0.0806351 0
19.147 0.994599 -0.103562 0
19.187 0.991768 -0.127861 0
19.228 0.988033 -0.154091 0
19.268 0.983484 -0.180865 0
19.308 0.977958 -0.208692 0
19.348 0.971375 -0.237454 0
19.388 0.963664 -0.267032 0
19.428 0.954759 -0.297305 0
19.468 0.9446 -0.328153 0
19.508 0.933136 -0.359461 0
19.548 0.920317 -0.391117 0
19.588 0.906102 -0.423008 0
19.628 0.890453 -0.455028 0
19.668 0.87334 -0.487068 0
19.708 0.854736 -0.519023 0
19.748 0.834624 -0.550783 0
19.788 0.812992 -0.582242 0
19.828 0.789836 -0.613287 0
19.868 0.765166 -0.643805 0
19.908 0.738999 -0.67368 0
19.949 0.710659 -0.703512 0
19.989 0.681577 -0.731724 0
20.029 0.651145 -0.758933 0
20.069 0.619446 -0.78502 0
20.109 0.586584 -0.809871 0
20.149 0.552685 -0.833374 0
20.189 0.517896 -0.855429 0
20.229 0.48239 -0.875943 0
20.269 0.44636 -0.894841 0
20.309 0.410023 -0.912063 0
20.349 0.373619 -0.927571 0
20.389 0.337404 -0.94135 0
20.429 0.301653 -0.953409 0
20.469 0.266653 -0.963784 0
20.509 0.232703 -0.97254 0
20.549 0.200108 -0.979767 0
20.589 0.169176 -0.985579 0
20.63 0.139519 -0.990213 0
20.67 0.112897 -0.993601 0
20.71 0.0888617 -0.996039 0
20.75 0.0677091 -0.9977 0
20.79 0.049728 -0.998758 0
20.83 0.035197 -0.999376 0
20.87 0.0243785 -0.999699 0
20.91 0.0175041 -0.999843 0
20.95 0.0147463 -0.999887 0
20.99 0.0161631 -0.999866 0
21.03 0.0216075 -0.999763 0
21.07 0.030601 -0.999528 0
21.11 0.042214 -0.999105 0
21.15 0.0550549 -0.99848 0
21.19 0.0674624 -0.997718 0
21.23 0.0778556 -0.996961 0
21.27 0.0850339 -0.996374 0
21.311 0.0883 -0.99609 0
21.351 0.0871692 -0.99619 0
21.391 0.0817243 -0.996651 0
21.431 0.0720714 -0.997395 0
21.471 0.0583985 -0.998289 0
21.511 0.040936 -0.999157 0
21.551 0.0199364 -0.999796 0
21.591 -0.00433332 -0.999985 0
21.631 -0.0315954 -0.999495 0
21.671 -0.0615618 -0.998097 0
21.711 -0.0939355 -0.995572 0
21.751 -0.128411 -0.991714 0
21.791 -0.164677 -0.98634 0
21.831 -0.202419 -0.979291 0
21.871 -0.241323 -0.970436 0
21.911 -0.281079 -0.959675 0
21.951 -0.321386 -0.946938 0
21.991 -0.361955 -0.932184 0
22.032 -0.403524 -0.914957 0
22.072 -0.443805 -0.89611 0
22.112 -0.483581 -0.875285 0
22.152 -0.522641 -0.852537 0
22.192 -0.560797 -0.827936 0
22.232 -0.597882 -0.801565 0
22.272 -0.633752 -0.773516 0
22.312 -0.668283 -0.743884 0
22.352 -0.70137 -0.712773 0
22.392 -0.732923 -0.680285 0
22.432 -0.762866 -0.646528 0
22.472 -0.791137 -0.611608 0
22.512 -0.81768 -0.575639 0
22.552 -0.842451 -0.538736 0
22.592 -0.865409 -0.501025 0
22.632 -0.88652 -0.462644 0
22.672 -0.905757 -0.423745 0
22.713 -0.923509 -0.383518 0
22.753 -0.938899 -0.344128 0
22.793 -0.952386 -0.304818 0
22.833 -0.963995 -0.265833 0
22.873 -0.97377 -0.227431 0
22.913 -0.981783 -0.189877 0
22.953 -0.988136 -0.153424 0
22.993 -0.992953 -0.118304 0
23.033 -0.99638 -0.0847139 0
23.073 -0.998579 -0.0528114 0
23.113 -0.999717 -0.0227105 0
23.153 -0.999959 0.00551413 0
23.193 -0.999468 0.031822 0
23.233 -0.998394 0.0561998 0
23.273 -0.996876 0.0786547 0
23.303 -0.995523 0.0942462 0
23.353 -0.993 0.117889 0
23.383 -0.991396 0.130691 0
23.424 -0.989177 0.146544 0
23.464 -0.987055 0.160213 0
23.504 -0.985045 0.17214 0
23.544 -0.983205 0.182355 0
23.584 -0.981585 0.190883 0
23.624 -0.980226 0.197744 0
23.674 -0.978943 0.203998 0
23.714 -0.97828 0.207156 0
23.754 -0.977956 0.208677 0
23.794 -0.977981 0.20856 0
23.834 -0.978355 0.206797 0
23.874 -0.979071 0.203378 0
23.914 -0.980115 0.198286 0
23.954 -0.981463 0.191502 0
23.994 -0.983084 0.183002 0
24.034 -0.984935 0.17276 0
24.074 -0.986967 0.160747 0
24.115 -0.989172 0.146564 0
24.155 -0.991371 0.130871 0
24.205 -0.994054 0.108626 0
24.245 -0.996031 0.0886913 0
24.285 -0.997737 0.066823 0
24.325 -0.999048 0.0429953 0
24.365 -0.999825 0.0171865 0
24.405 -0.999916 -0.0106203 0
24.455 -0.998811 -0.0482035 0
24.495 -0.996726 -0.0805316 0
24.535 -0.993356 -0.114861 0
24.575 -0.988482 -0.151171 0
24.615 -0.981869 -0.189431 0
