0 0 0 0
0.04 2.13333e-011 -8.53333e-015 0
0.1 9.76097e-010 -2.22886e-012 0
0.15 2.16006e-009 -5.61423e-012 0
0.18 2.59931e-009 -2.86976e-012 0
0.23 4.44581e-009 -1.97257e-011 0
0.26 4.99638e-009 -1.00395e-011 0
0.31 7.45756e-009 -5.23917e-011 0
0.35 8.75156e-009 -4.24184e-011 0
0.39 1.01083e-008 -3.36114e-011 0
0.43 1.15114e-008 -2.50139e-011 0
0.471 1.3073e-008 -2.41705e-011 0
0.511 1.45085e-008 -7.42887e-012 0
0.551 1.59219e-008 1.74098e-011 0
0.591 1.72844e-008 5.57052e-011 0
0.631 1.85644e-008 1.14574e-010 0
0.671 1.97276e-008 2.03123e-010 0
0.711 2.07379e-008 3.32615e-010 0
0.751 2.15584e-008 5.16548e-010 0
0.791 2.21522e-008 7.7061e-010 0
0.831 2.24834e-008 1.11252e-009 0
0.871 2.25186e-008 1.56175e-009 0
0.911 2.22275e-008 2.13914e-009 0
0.951 2.15835e-008 2.86645e-009 0
0.981 2.03748e-008 3.75414e-009 0
1.021 1.91465e-008 4.72658e-009 0
1.061 1.75188e-008 5.90873e-009 0
1.101 1.54831e-008 7.32189e-009 0
1.142 1.30322e-008 8.98976e-009 0
1.182 1.01431e-008 1.09496e-008 0
1.222 6.84792e-009 1.31966e-008 0
1.262 3.15626e-009 1.57449e-008 0
1.302 -9.18385e-010 1.86064e-008 0
1.342 -5.35849e-009 2.17892e-008 0
1.382 -1.01426e-008 2.52976e-008 0
1.422 -1.52453e-008 2.9131e-008 0
1.462 -2.06371e-008 3.32828e-008 0
1.502 -2.6285e-008 3.77397e-008 0
1.532 -3.0488e-008 4.10175e-008 0
1.572 -3.63963e-008 4.58416e-008 0
1.612 -4.24549e-008 5.08953e-008 0
1.652 -4.86178e-008 5.61291e-008 0
1.692 -5.48364e-008 6.1481e-008 0
1.732 -6.10608e-008 6.68761e-008 0
1.772 -6.72398e-008 7.22261e-008 0
1.812 -7.33225e-008 7.74293e-008 0
1.853 -7.94603e-008 8.26371e-008 0
1.893 -8.5204e-008 8.71824e-008 0
1.933 -9.07054e-008 9.11995e-008 0
1.973 -9.59241e-008 9.45499e-008 0
2.013 -1.00825e-007 9.70972e-008 0
2.053 -1.0538e-007 9.87142e-008 0
2.093 -1.09568e-007 9.92923e-008 0
2.133 -1.1338e-007 9.87497e-008 0
2.163 -1.1594e-007 9.73276e-008 0
2.203 -1.1912e-007 9.49132e-008 0
2.243 -1.21931e-007 9.13178e-008 0
2.283 -1.24387e-007 8.65699e-008 0
2.323 -1.26507e-007 8.07336e-008 0
2.363 -1.28315e-007 7.39189e-008 0
2.403 -1.29837e-007 6.629e-008 0
2.443 -1.31099e-007 5.80681e-008 0
2.483 -1.32122e-007 4.95235e-008 0
2.523 -1.32918e-007 4.09635e-008 0
2.564 -1.33491e-007 3.22831e-008 0
2.604 -1.33782e-007 2.47015e-008 0
2.644 -1.3377e-007 1.81225e-008 0
2.684 -1.33391e-007 1.2871e-008 0
2.724 -1.32555e-007 9.25478e-009 0
2.764 -1.31152e-007 7.55856e-009 0
2.804 -1.29051e-007 8.04066e-009 0
2.844 -1.26101e-007 1.09297e-008 0
2.874 -1.22906e-007 1.58581e-008 0
2.914 -1.18197e-007 2.32455e-008 0
2.954 -1.12158e-007 3.34829e-008 0
2.994 -1.04592e-007 4.66771e-008 0
3.034 -9.52921e-008 6.29021e-008 0
3.074 -8.40482e-008 8.22008e-008 0
3.114 -7.06462e-008 1.04586e-007 0
3.154 -5.48712e-008 1.30039e-007 0
3.194 -3.65108e-008 1.58516e-007 0
3.235 -1.48153e-008 1.90735e-007 0
3.275 9.45091e-009 2.25117e-007 0
3.315 3.68868e-008 2.62197e-007 0
3.355 6.76405e-008 3.01801e-007 0
3.395 1.01822e-007 3.43716e-007 0
3.435 1.39492e-007 3.87698e-007 0
3.465 1.694e-007 4.21482e-007 0
3.505 2.12926e-007 4.68205e-007 0
3.545 2.5983e-007 5.16194e-007 0
3.585 3.09977e-007 5.6514e-007 0
3.625 3.63193e-007 6.14735e-007 0
3.675 4.37589e-007 6.78569e-007 0
3.715 4.97338e-007 7.2896e-007 0
3.755 5.59451e-007 7.79105e-007 0
3.795 6.23717e-007 8.28773e-007 0
3.835 6.89927e-007 8.7775e-007 0
3.875 7.57875e-007 9.25839e-007 0
3.916 8.29305e-007 9.74041e-007 0
3.956 9.00158e-007 1.0198e-006 0
3.996 9.72143e-007 1.06415e-006 0
4.036 1.04506e-006 1.10697e-006 0
4.076 1.11872e-006 1.14811e-006 0
4.116 1.19291e-006 1.18746e-006 0
4.156 1.26744e-006 1.22491e-006 0
4.196 1.34212e-006 1.26035e-006 0
4.236 1.41674e-006 1.2937e-006 0
4.276 1.4911e-006 1.32487e-006 0
4.316 1.56503e-006 1.3538e-006 0
4.356 1.63831e-006 1.38042e-006 0
4.396 1.71077e-006 1.40467e-006 0
4.436 1.78222e-006 1.42652e-006 0
4.476 1.85248e-006 1.44591e-006 0
4.516 1.92137e-006 1.46281e-006 0
4.556 1.98873e-006 1.47721e-006 0
4.596 2.05438e-006 1.48908e-006 0
4.637 2.11973e-006 1.49861e-006 0
4.677 2.18145e-006 1.50533e-006 0
4.717 2.24101e-006 1.50949e-006 0
4.757 2.29828e-006 1.51111e-006 0
4.797 2.35312e-006 1.5102e-006 0
4.837 2.40543e-006 1.50676e-006 0
4.877 2.45509e-006 1.50082e-006 0
4.917 2.50201e-006 1.4924e-006 0
4.957 2.54609e-006 1.48154e-006 0
4.997 2.58728e-006 1.46826e-006 0
5.037 2.6255e-006 1.45262e-006 0
5.087 2.66714e-006 1.4298e-006 0
5.117 2.69156e-006 1.41447e-006 0
5.157 2.72067e-006 1.39207e-006 0
5.207 2.7504e-006 1.3609e-006 0
5.247 2.77274e-006 1.33389e-006 0
5.287 2.79213e-006 1.30494e-006 0
5.328 2.80884e-006 1.27333e-006 0
5.358 2.82006e-006 1.24921e-006 0
5.398 2.83153e-006 1.21541e-006 0
5.448 2.83954e-006 1.17044e-006 0
5.488 2.84538e-006 1.13371e-006 0
5.518 2.84878e-006 1.10562e-006 0
5.558 2.85021e-006 1.06694e-006 0
5.598 2.84926e-006 1.02743e-006 0
5.638 2.846e-006 9.87272e-007 0
5.688 2.83715e-006 9.35648e-007 0
5.728 2.82926e-006 8.95061e-007 0
5.768 2.81919e-006 8.54455e-007 0
5.808 2.80697e-006 8.14034e-007 0
5.838 2.79666e-006 7.84143e-007 0
5.878 2.78061e-006 7.44426e-007 0
5.918 2.76245e-006 7.05464e-007 0
5.958 2.74219e-006 6.67463e-007 0
6.009 2.71311e-006 6.20533e-007 0
6.049 2.68854e-006 5.86031e-007 0
6.089 2.66183e-006 5.53151e-007 0
6.129 2.63296e-006 5.2208e-007 0
6.159 2.60974e-006 4.99884e-007 0
6.199 2.57688e-006 4.72235e-007 0
6.239 2.54175e-006 4.46835e-007 0
6.279 2.50428e-006 4.23807e-007 0
6.319 2.46443e-006 4.03249e-007 0
6.359 2.42211e-006 3.85232e-007 0
6.399 2.37728e-006 3.69799e-007 0
6.439 2.32986e-006 3.56956e-007 0
6.479 2.2798e-006 3.46678e-007 0
6.519 2.22704e-006 3.38905e-007 0
6.559 2.17152e-006 3.33541e-007 0
6.599 2.11323e-006 3.30457e-007 0
6.639 2.05213e-006 3.29491e-007 0
6.679 1.98823e-006 3.3045e-007 0
6.72 1.91985e-006 3.33395e-007 0
6.76 1.85031e-006 3.37556e-007 0
6.8 1.77804e-006 3.42946e-007 0
6.84 1.70311e-006 3.49347e-007 0
6.88 1.62561e-006 3.56591e-007 0
6.92 1.54563e-006 3.64585e-007 0
6.96 1.46329e-006 3.73316e-007 0
7 1.37872e-006 3.82817e-007 0
7.04 1.29206e-006 3.93093e-007 0
7.08 1.20342e-006 4.04073e-007 0
7.12 1.11295e-006 4.15637e-007 0
7.16 1.02076e-006 4.277e-007 0
7.2 9.27003e-007 4.4027e-007 0
7.24 8.3181e-007 4.53471e-007 0
7.28 7.35314e-007 4.67511e-007 0
7.32 6.37637e-007 4.8265e-007 0
7.36 5.38884e-007 4.99164e-007 0
7.401 4.36649e-007 5.1754e-007 0
7.441 3.3595e-007 5.37668e-007 0
7.481 2.34374e-007 5.59956e-007 0
7.521 1.31945e-007 5.84615e-007 0
7.561 2.86725e-008 6.11821e-007 0
7.601 -7.54536e-008 6.4172e-007 0
7.641 -1.80456e-007 6.74417e-007 0
7.681 -2.86368e-007 7.09983e-007 0
7.721 -3.93231e-007 7.48451e-007 0
7.761 -5.01092e-007 7.89814e-007 0
7.801 -6.1e-007 8.34034e-007 0
7.841 -7.20004e-007 8.81035e-007 0
7.881 -8.3115e-007 9.30714e-007 0
7.921 -9.43484e-007 9.82938e-007 0
7.961 -1.05704e-006 1.03755e-006 0
8.001 -1.17187e-006 1.09438e-006 0
8.041 -1.28798e-006 1.15323e-006 0
8.081 -1.40543e-006 1.21389e-006 0
8.122 -1.5272e-006 1.2777e-006 0
8.162 -1.64747e-006 1.34139e-006 0
8.202 -1.76915e-006 1.40619e-006 0
8.242 -1.89229e-006 1.47187e-006 0
8.282 -2.0169e-006 1.53815e-006 0
8.322 -2.14298e-006 1.60476e-006 0
8.362 -2.27053e-006 1.67141e-006 0
8.402 -2.39948e-006 1.73777e-006 0
8.442 -2.52973e-006 1.80351e-006 0
8.482 -2.66114e-006 1.8683e-006 0
8.522 -2.79349e-006 1.93177e-006 0
8.562 -2.92655e-006 1.9936e-006 0
8.602 -3.06007e-006 2.05344e-006 0
8.642 -3.19378e-006 2.11099e-006 0
8.682 -3.32746e-006 2.16596e-006 0
8.722 -3.46087e-006 2.21808e-006 0
8.762 -3.59381e-006 2.26709e-006 0
8.803 -3.72959e-006 2.31386e-006 0
8.843 -3.86105e-006 2.35587e-006 0
8.883 -3.99155e-006 2.39408e-006 0
8.923 -4.12096e-006 2.42831e-006 0
8.963 -4.24914e-006 2.45836e-006 0
9.003 -4.37597e-006 2.48405e-006 0
9.043 -4.50134e-006 2.50522e-006 0
9.083 -4.62513e-006 2.52173e-006 0
9.123 -4.74723e-006 2.53342e-006 0
9.163 -4.86753e-006 2.54019e-006 0
9.203 -4.98591e-006 2.54193e-006 0
9.243 -5.10227e-006 2.53853e-006 0
9.283 -5.21649e-006 2.52993e-006 0
9.323 -5.32848e-006 2.51606e-006 0
9.363 -5.43813e-006 2.49689e-006 0
9.403 -5.54532e-006 2.47238e-006 0
9.443 -5.64997e-006 2.44254e-006 0
9.484 -5.75448e-006 2.40643e-006 0
9.524 -5.85363e-006 2.36583e-006 0
9.564 -5.94992e-006 2.31999e-006 0
9.614 -6.06591e-006 2.25547e-006 0
9.654 -6.15533e-006 2.19813e-006 0
9.694 -6.24157e-006 2.13585e-006 0
9.734 -6.32453e-006 2.06875e-006 0
9.774 -6.40411e-006 1.99698e-006 0
9.814 -6.48023e-006 1.92073e-006 0
9.854 -6.55278e-006 1.84019e-006 0
9.894 -6.62167e-006 1.75555e-006 0
9.934 -6.68682e-006 1.66707e-006 0
9.974 -6.74811e-006 1.57497e-006 0
10.014 -6.80548e-006 1.47953e-006 0
10.054 -6.85881e-006 1.38104e-006 0
10.094 -6.90801e-006 1.27979e-006 0
10.134 -6.95298e-006 1.17609e-006 0
10.175 -6.99443e-006 1.06763e-006 0
10.215 -7.03054e-006 9.6004e-007 0
10.255 -7.06211e-006 8.51059e-007 0
10.295 -7.08904e-006 7.41061e-007 0
10.335 -7.11121e-006 6.30431e-007 0
10.375 -7.12853e-006 5.19566e-007 0
10.415 -7.14086e-006 4.08872e-007 0
10.455 -7.14812e-006 2.98764e-007 0
10.495 -7.15019e-006 1.89671e-007 0
10.535 -7.14701e-006 8.20329e-008 0
10.575 -7.1385e-006 -2.36902e-008 0
10.615 -7.12466e-006 -1.27012e-007 0
10.655 -7.1055e-006 -2.27413e-007 0
10.695 -7.0811e-006 -3.2433e-007 0
10.735 -7.05154e-006 -4.1716e-007 0
10.775 -7.0169e-006 -5.05271e-007 0
10.815 -6.97721e-006 -5.88042e-007 0
10.855 -6.93239e-006 -6.6491e-007 0
10.896 -6.88078e-006 -7.37191e-007 0
10.936 -6.82486e-006 -8.0075e-007 0
10.976 -6.76284e-006 -8.57446e-007 0
11.016 -6.69426e-006 -9.07211e-007 0
11.056 -6.61872e-006 -9.50059e-007 0
11.096 -6.53581e-006 -9.86051e-007 0
11.136 -6.4452e-006 -1.01528e-006 0
11.176 -6.34661e-006 -1.03787e-006 0
11.216 -6.2398e-006 -1.05397e-006 0
11.256 -6.12459e-006 -1.06374e-006 0
11.296 -6.00084e-006 -1.06738e-006 0
11.336 -5.86845e-006 -1.06515e-006 0
11.376 -5.72738e-006 -1.05731e-006 0
11.416 -5.57762e-006 -1.04419e-006 0
11.456 -5.41924e-006 -1.02616e-006 0
11.496 -5.25231e-006 -1.00363e-006 0
11.536 -5.07701e-006 -9.77032e-007 0
11.567 -4.93563e-006 -9.55443e-007 0
11.607 -4.74592e-006 -9.22961e-007 0
11.657 -4.49726e-006 -8.73178e-007 0
11.697 -4.29102e-006 -8.35203e-007 0
11.737 -4.07795e-006 -7.9589e-007 0
11.777 -3.85853e-006 -7.55795e-007 0
11.817 -3.63321e-006 -7.15468e-007 0
11.857 -3.40249e-006 -6.75434e-007 0
11.897 -3.1669e-006 -6.36178e-007 0
11.937 -2.92692e-006 -5.98116e-007 0
11.977 -2.68305e-006 -5.61574e-007 0
12.017 -2.43574e-006 -5.26774e-007 0
12.057 -2.18544e-006 -4.93853e-007 0
12.097 -1.93257e-006 -4.62914e-007 0
12.137 -1.67758e-006 -4.34077e-007 0
12.177 -1.42092e-006 -4.07485e-007 0
12.217 -1.16304e-006 -3.83267e-007 0
12.257 -9.04409e-007 -3.61484e-007 0
12.298 -6.38985e-007 -3.41734e-007 0
12.338 -3.80082e-007 -3.24748e-007 0
12.378 -1.21624e-007 -3.0989e-007 0
12.418 1.36024e-007 -2.96955e-007 0
12.458 3.92508e-007 -2.85716e-007 0
12.498 6.47487e-007 -2.75938e-007 0
12.538 9.00629e-007 -2.67379e-007 0
12.578 1.15161e-006 -2.59797e-007 0
12.618 1.40013e-006 -2.52952e-007 0
12.658 1.6459e-006 -2.46607e-007 0
12.698 1.88864e-006 -2.40532e-007 0
12.738 2.12808e-006 -2.34502e-007 0
12.778 2.36399e-006 -2.28298e-007 0
12.818 2.59615e-006 -2.21714e-007 0
12.858 2.82435e-006 -2.1455e-007 0
12.898 3.04842e-006 -2.06617e-007 0
12.938 3.26818e-006 -1.97739e-007 0
12.979 3.48882e-006 -1.87488e-007 0
13.019 3.69947e-006 -1.76187e-007 0
13.059 3.90546e-006 -1.63481e-007 0
13.099 4.10671e-006 -1.49244e-007 0
13.139 4.30317e-006 -1.33364e-007 0
13.179 4.49479e-006 -1.15747e-007 0
13.219 4.68155e-006 -9.63106e-008 0
13.259 4.86347e-006 -7.49899e-008 0
13.299 5.04055e-006 -5.17353e-008 0
13.339 5.21284e-006 -2.65126e-008 0
13.379 5.38037e-006 6.96387e-010 0
13.419 5.54321e-006 2.98945e-008 0
13.459 5.70144e-006 6.10696e-008 0
13.499 5.85514e-006 9.41951e-008 0
13.539 6.0044e-006 1.29231e-007 0
13.579 6.14931e-006 1.66124e-007 0
13.619 6.28999e-006 2.04809e-007 0
13.66 6.42997e-006 2.46269e-007 0
13.7 6.56239e-006 2.88348e-007 0
13.74 6.6909e-006 3.31966e-007 0
13.78 6.81561e-006 3.77024e-007 0
13.82 6.93662e-006 4.23421e-007 0
13.86 7.05403e-006 4.71049e-007 0
13.9 7.16795e-006 5.19804e-007 0
13.94 7.27847e-006 5.69579e-007 0
13.98 7.38567e-006 6.20268e-007 0
14.02 7.48964e-006 6.71773e-007 0
14.06 7.59043e-006 7.23997e-007 0
14.1 7.68812e-006 7.76851e-007 0
14.14 7.78274e-006 8.30253e-007 0
14.18 7.87435e-006 8.84132e-007 0
14.22 7.96297e-006 9.38425e-007 0
14.26 8.04862e-006 9.93078e-007 0
14.3 8.13129e-006 1.04805e-006 0
14.34 8.21098e-006 1.10332e-006 0
14.381 8.28952e-006 1.16025e-006 0
14.421 8.36308e-006 1.21607e-006 0
14.461 8.43354e-006 1.27217e-006 0
14.501 8.50084e-006 1.32857e-006 0
14.541 8.5649e-006 1.38529e-006 0
14.581 8.62561e-006 1.44239e-006 0
14.621 8.68286e-006 1.49992e-006 0
14.661 8.73653e-006 1.55793e-006 0
14.701 8.78648e-006 1.6165e-006 0
14.741 8.83255e-006 1.67569e-006 0
14.781 8.87456e-006 1.7356e-006 0
14.821 8.91234e-006 1.7963e-006 0
14.861 8.9457e-006 1.85788e-006 0
14.901 8.97441e-006 1.92043e-006 0
14.941 8.99826e-006 1.98402e-006 0
14.981 9.01703e-006 2.04875e-006 0
15.021 9.03047e-006 2.11469e-006 0
15.062 9.0384e-006 2.18357e-006 0
15.102 9.04031e-006 2.25217e-006 0
15.142 9.03613e-006 2.32216e-006 0
15.182 9.02561e-006 2.3936e-006 0
15.222 9.00848e-006 2.46649e-006 0
15.262 8.98449e-006 2.54086e-006 0
15.302 8.95339e-006 2.6167e-006 0
15.342 8.91491e-006 2.69399e-006 0
15.382 8.86882e-006 2.77271e-006 0
15.422 8.81487e-006 2.85279e-006 0
15.462 8.75285e-006 2.93415e-006 0
15.502 8.68253e-006 3.01671e-006 0
15.542 8.60373e-006 3.10035e-006 0
15.582 8.51624e-006 3.18493e-006 0
15.622 8.41992e-006 3.2703e-006 0
15.662 8.31461e-006 3.35627e-006 0
15.702 8.20019e-006 3.44265e-006 0
15.743 8.0734e-006 3.53146e-006 0
15.783 7.94026e-006 3.61798e-006 0
15.823 7.79778e-006 3.70419e-006 0
15.863 7.64594e-006 3.78981e-006 0
15.903 7.48474e-006 3.87457e-006 0
15.943 7.31424e-006 3.95817e-006 0
15.983 7.1345e-006 4.04033e-006 0
16.023 6.94562e-006 4.12076e-006 0
16.063 6.74776e-006 4.19918e-006 0
16.103 6.54109e-006 4.27535e-006 0
16.143 6.32582e-006 4.34905e-006 0
16.183 6.10221e-006 4.4201e-006 0
16.223 5.87053e-006 4.48833e-006 0
16.263 5.63108e-006 4.55363e-006 0
16.303 5.38419e-006 4.61591e-006 0
16.343 5.1302e-006 4.67514e-006 0
16.383 4.86948e-006 4.73134e-006 0
16.423 4.60242e-006 4.78465e-006 0
16.464 4.32245e-006 4.83628e-006 0
16.504 4.04374e-006 4.88433e-006 0
16.544 3.75987e-006 4.93025e-006 0
16.584 3.4712e-006 4.9744e-006 0
16.624 3.17808e-006 5.01715e-006 0
16.664 2.88078e-006 5.05888e-006 0
16.704 2.57958e-006 5.09998e-006 0
16.744 2.27468e-006 5.14083e-006 0
16.784 1.96624e-006 5.1818e-006 0
16.824 1.65439e-006 5.22323e-006 0
16.874 1.26035e-006 5.27082e-006 0
16.904 1.0206e-006 5.30534e-006 0
16.944 6.98431e-007 5.35043e-006 0
16.984 3.72871e-007 5.39706e-006 0
17.024 4.38204e-008 5.4454e-006 0
17.064 -2.88852e-007 5.49554e-006 0
17.104 -6.2531e-007 5.54754e-006 0
17.145 -9.74234e-007 5.60261e-006 0
17.185 -1.31903e-006 5.65841e-006 0
17.225 -1.66826e-006 5.71592e-006 0
17.265 -2.02217e-006 5.77496e-006 0
17.305 -2.38098e-006 5.83526e-006 0
17.345 -2.74484e-006 5.89645e-006 0
17.385 -3.11385e-006 5.95805e-006 0
17.425 -3.48799e-006 6.01948e-006 0
17.465 -3.86713e-006 6.08005e-006 0
17.505 -4.25101e-006 6.13905e-006 0
17.545 -4.63929e-006 6.19571e-006 0
17.585 -5.03154e-006 6.24929e-006 0
17.625 -5.42729e-006 6.29906e-006 0
17.665 -5.82603e-006 6.34432e-006 0
17.705 -6.22725e-006 6.38444e-006 0
17.745 -6.63038e-006 6.41881e-006 0
17.785 -7.03488e-006 6.44685e-006 0
17.826 -7.45058e-006 6.46855e-006 0
17.866 -7.85607e-006 6.48224e-006 0
17.906 -8.26113e-006 6.48812e-006 0
17.946 -8.66512e-006 6.48581e-006 0
17.986 -9.06739e-006 6.47492e-006 0
18.026 -9.46728e-006 6.45512e-006 0
18.066 -9.86411e-006 6.42614e-006 0
18.106 -1.02572e-005 6.38771e-006 0
18.146 -1.06458e-005 6.33964e-006 0
18.186 -1.10292e-005 6.28177e-006 0
18.226 -1.14068e-005 6.21396e-006 0
18.266 -1.17778e-005 6.13614e-006 0
18.306 -1.21415e-005 6.04827e-006 0
18.346 -1.24972e-005 5.95035e-006 0
18.386 -1.28442e-005 5.84241e-006 0
18.426 -1.31819e-005 5.72454e-006 0
18.466 -1.35095e-005 5.59686e-006 0
18.506 -1.38264e-005 5.45951e-006 0
18.547 -1.41395e-005 5.3089e-006 0
18.587 -1.44328e-005 5.15259e-006 0
18.627 -1.47136e-005 4.9873e-006 0
18.667 -1.49813e-005 4.8133e-006 0
18.707 -1.52354e-005 4.63092e-006 0
18.747 -1.54753e-005 4.44051e-006 0
18.787 -1.57005e-005 4.24244e-006 0
18.827 -1.59107e-005 4.03713e-006 0
18.867 -1.61054e-005 3.825e-006 0
18.907 -1.62842e-005 3.60651e-006 0
18.947 -1.64469e-005 3.38216e-006 0
18.987 -1.65931e-005 3.15243e-006 0
19.027 -1.67225e-005 2.91788e-006 0
19.067 -1.6835e-005 2.67905e-006 0
19.107 -1.69304e-005 2.43653e-006 0
19.147 -1.70086e-005 2.19093e-006 0
19.187 -1.70695e-005 1.94286e-006 0
19.228 -1.71138e-005 1.6867e-006 0
19.268 -1.71396e-005 1.43568e-006 0
19.308 -1.7148e-005 1.18423e-006 0
19.348 -1.71392e-005 9.33068e-007 0
19.388 -1.71132e-005 6.8293e-007 0
19.428 -1.707e-005 4.34561e-007 0
19.468 -1.70099e-005 1.88724e-007 0
19.508 -1.69329e-005 -5.3804e-008 0
19.548 -1.68391e-005 -2.92233e-007 0
19.588 -1.67288e-005 -5.25763e-007 0
19.628 -1.66022e-005 -7.53584e-007 0
19.668 -1.64593e-005 -9.74878e-007 0
19.708 -1.63005e-005 -1.18882e-006 0
19.748 -1.61259e-005 -1.39459e-006 0
19.788 -1.59357e-005 -1.59135e-006 0
19.828 -1.57302e-005 -1.77829e-006 0
19.868 -1.55095e-005 -1.95459e-006 0
19.908 -1.52738e-005 -2.11944e-006 0
19.949 -1.50169e-005 -2.27577e-006 0
19.989 -1.47516e-005 -2.41505e-006 0
20.029 -1.44719e-005 -2.54059e-006 0
20.069 -1.41779e-005 -2.6517e-006 0
20.109 -1.38697e-005 -2.74772e-006 0
20.149 -1.35476e-005 -2.82806e-006 0
20.189 -1.32115e-005 -2.89216e-006 0
20.229 -1.28616e-005 -2.93956e-006 0
20.269 -1.24979e-005 -2.96985e-006 0
20.309 -1.21206e-005 -2.98271e-006 0
20.349 -1.17298e-005 -2.97791e-006 0
20.389 -1.13254e-005 -2.95533e-006 0
20.429 -1.09076e-005 -2.91491e-006 0
20.469 -1.04765e-005 -2.85674e-006 0
20.509 -1.00323e-005 -2.78101e-006 0
20.549 -9.57518e-006 -2.68799e-006 0
20.589 -9.10533e-006 -2.57809e-006 0
20.63 -8.61087e-006 -2.44823e-006 0
20.67 -8.11623e-006 -2.30578e-006 0
20.71 -7.60994e-006 -2.14828e-006 0
20.75 -7.09246e-006 -1.97652e-006 0
20.79 -6.56437e-006 -1.79139e-006 0
20.83 -6.02628e-006 -1.59383e-006 0
20.87 -5.47889e-006 -1.38485e-006 0
20.91 -4.92294e-006 -1.16554e-006 0
20.95 -4.35926e-006 -9.37003e-007 0
20.99 -3.7887e-006 -7.0031e-007 0
21.03 -3.21218e-006 -4.56425e-007 0
21.07 -2.63065e-006 -2.0604e-007 0
21.11 -2.04509e-006 5.05479e-008 0
21.15 -1.45653e-006 3.13304e-007 0
21.19 -8.66e-007 5.8196e-007 0
21.23 -2.74475e-007 8.55514e-007 0
21.27 3.17132e-007 1.13237e-006 0
21.311 9.22684e-007 1.41796e-006 0
21.351 1.51175e-006 1.69697e-006 0
21.391 2.09818e-006 1.97569e-006 0
21.431 2.68106e-006 2.25359e-006 0
21.471 3.25948e-006 2.5303e-006 0
21.511 3.83255e-006 2.80545e-006 0
21.551 4.39939e-006 3.0787e-006 0
21.591 4.95916e-006 3.3497e-006 0
21.631 5.51104e-006 3.61811e-006 0
21.671 6.05422e-006 3.88358e-006 0
21.711 6.58792e-006 4.14574e-006 0
21.751 7.11141e-006 4.40424e-006 0
21.791 7.62396e-006 4.6587e-006 0
21.831 8.12486e-006 4.90876e-006 0
21.871 8.61344e-006 5.15403e-006 0
21.911 9.08905e-006 5.39414e-006 0
21.951 9.55105e-006 5.6287e-006 0
21.991 9.99886e-006 5.85733e-006 0
22.032 1.04425e-005 6.08501e-006 0
22.072 1.08598e-005 6.30053e-006 0
22.112 1.12613e-005 6.50901e-006 0
22.152 1.16465e-005 6.71011e-006 0
22.192 1.2015e-005 6.90351e-006 0
22.232 1.23663e-005 7.08892e-006 0
22.272 1.27001e-005 7.26605e-006 0
22.312 1.30161e-005 7.43465e-006 0
22.352 1.33141e-005 7.59451e-006 0
22.392 1.3594e-005 7.74539e-006 0
22.432 1.38556e-005 7.88713e-006 0
22.472 1.40989e-005 8.01953e-006 0
22.512 1.4324e-005 8.14245e-006 0
22.552 1.45309e-005 8.25572e-006 0
22.592 1.472e-005 8.3592e-006 0
22.632 1.48914e-005 8.45274e-006 0
22.672 1.50455e-005 8.53619e-006 0
22.713 1.51861e-005 8.61108e-006 0
22.753 1.53067e-005 8.67356e-006 0
22.793 1.54115e-005 8.72536e-006 0
22.833 1.55011e-005 8.76625e-006 0
22.873 1.55761e-005 8.79595e-006 0
22.913 1.56371e-005 8.81415e-006 0
22.953 1.56848e-005 8.82054e-006 0
22.993 1.57197e-005 8.81475e-006 0
23.033 1.57423e-005 8.79644e-006 0
23.073 1.57533e-005 8.76524e-006 0
23.113 1.57533e-005 8.7208e-006 0
23.153 1.57429e-005 8.66277e-006 0
23.193 1.57228e-005 8.59083e-006 0
23.233 1.56936e-005 8.50466e-006 0
23.273 1.56559e-005 8.40397e-006 0
23.303 1.56219e-005 8.31881e-006 0
23.353 1.55598e-005 8.15777e-006 0
23.383 1.55157e-005 8.04999e-006 0
23.424 1.54511e-005 7.88859e-006 0
23.464 1.53827e-005 7.71543e-006 0
23.504 1.53097e-005 7.52669e-006 0
23.544 1.52328e-005 7.32233e-006 0
23.584 1.51525e-005 7.10237e-006 0
23.624 1.50694e-005 6.86689e-006 0
23.674 1.49628e-005 6.55082e-006 0
23.714 1.48751e-005 6.28107e-006 0
23.754 1.47861e-005 5.9965e-006 0
23.794 1.46962e-005 5.69747e-006 0
23.834 1.46059e-005 5.38442e-006 0
23.874 1.45154e-005 5.05785e-006 0
23.914 1.44251e-005 4.71834e-006 0
23.954 1.43352e-005 4.36651e-006 0
23.994 1.42461e-005 4.0031e-006 0
24.034 1.41578e-005 3.62889e-006 0
24.074 1.40705e-005 3.24472e-006 0
24.115 1.39822e-005 2.84159e-006 0
24.155 1.38973e-005 2.44014e-006 0
24.205 1.37911e-005 1.92885e-006 0
24.245 1.37089e-005 1.51326e-006 0
24.285 1.36279e-005 1.09322e-006 0
24.325 1.35479e-005 6.69902e-007 0
24.365 1.34688e-005 2.44565e-007 0
24.405 1.33904e-005 -1.81526e-007 0
24.455 1.32893e-005 -7.133e-007 0
24.495 1.32112e-005 -1.13616e-006 0
24.535 1.31327e-005 -1.55549e-006 0
24.575 1.30533e-005 -1.96996e-006 0
24.615 1.29727e-005 -2.37825e-006 0
