0 2 0 0
0.031 2 -0.0004805 0
0.062 2 -0.001922 0
0.109 1.99998 -0.0059405 0
0.14 1.99995 -0.0098 0
0.187 1.99985 -0.0174845 0
0.234 1.99963 -0.027378 0
0.281 1.99922 -0.0394805 0
0.328 1.99856 -0.053792 0
0.359 1.99793 -0.0644405 0
0.406 1.99662 -0.0824179 0
0.437 1.99546 -0.0954843 0
0.484 1.99319 -0.117127 0
0.515 1.99129 -0.132611 0
0.547 1.98894 -0.149603 0
0.594 1.98469 -0.176414 0
0.64 1.97949 -0.204791 0
0.672 1.97518 -0.225778 0
0.703 1.97042 -0.247082 0
0.75 1.962 -0.281209 0
0.781 1.95561 -0.30492 0
0.828 1.94453 -0.342687 0
0.859 1.93626 -0.368792 0
0.89 1.92718 -0.395844 0
0.937 1.9118 -0.438655 0
0.969 1.90017 -0.469033 0
1.015 1.88174 -0.514436 0
1.047 1.86769 -0.547214 0
1.094 1.84516 -0.597111 0
1.125 1.82902 -0.631149 0
1.172 1.80258 -0.684431 0
1.203 1.78379 -0.72066 0
1.234 1.7639 -0.75773 0
1.281 1.73158 -0.815498 0
1.312 1.70881 -0.854597 0
1.359 1.67197 -0.915322 0
1.39 1.64611 -0.956282 0
1.437 1.60442 -1.01966 0
1.469 1.57427 -1.06364 0
1.5 1.54363 -1.10681 0
1.547 1.4944 -1.1732 0
1.578 1.46002 -1.21752 0
1.625 1.40485 -1.28531 0
1.656 1.36636 -1.33029 0
1.703 1.30468 -1.3986 0
1.734 1.2617 -1.44356 0
1.765 1.21681 -1.48828 0
1.812 1.14501 -1.55526 0
1.844 1.09343 -1.60001 0
1.875 1.04133 -1.64246 0
1.922 0.958235 -1.70459 0
1.953 0.90068 -1.74372 0
2 0.809247 -1.7995 0
2.031 0.746229 -1.8335 0
2.078 0.646755 -1.87999 0
2.109 0.578726 -1.90685 0
2.156 0.472361 -1.94107 0
2.187 0.400416 -1.95899 0
2.219 0.324993 -1.9734 0
2.265 0.215176 -1.98668 0
2.297 0.138291 -1.99075 0
2.344 0.0254288 -1.98933 0
2.375 -0.0485588 -1.98385 0
2.406 -0.1219 -1.97501 0
2.453 -0.231414 -1.9558 0
2.484 -0.302298 -1.93968 0
2.531 -0.407399 -1.91069 0
2.562 -0.475026 -1.88894 0
2.609 -0.574816 -1.85258 0
2.64 -0.638762 -1.82666 0
2.672 -0.703174 -1.79854 0
2.719 -0.794794 -1.7551 0
2.75 -0.853267 -1.72529 0
2.797 -0.938942 -1.67865 0
2.828 -0.993484 -1.64712 0
2.859 -1.04646 -1.61509 0
2.906 -1.1238 -1.56577 0
2.937 -1.17284 -1.53284 0
2.984 -1.24418 -1.48248 0
3.015 -1.28924 -1.44903 0
3.047 -1.33407 -1.41438 0
3.094 -1.39678 -1.36329 0
3.125 -1.43607 -1.32952 0
3.172 -1.49243 -1.27825 0
3.203 -1.52746 -1.2444 0
3.25 -1.57726 -1.19307 0
3.281 -1.6079 -1.15921 0
3.312 -1.63678 -1.12538 0
3.359 -1.6772 -1.07414 0
3.39 -1.70165 -1.04041 0
3.437 -1.73546 -0.989424 0
3.469 -1.75628 -0.95486 0
3.515 -1.78325 -0.905469 0
3.547 -1.80005 -0.871376 0
3.578 -1.81489 -0.838608 0
3.625 -1.83488 -0.78952 0
3.656 -1.84654 -0.757605 0
3.703 -1.86214 -0.710041 0
3.734 -1.87119 -0.67928 0
3.765 -1.87936 -0.64906 0
3.812 -1.89024 -0.604365 0
3.844 -1.89673 -0.574771 0
3.89 -1.90492 -0.533506 0
3.922 -1.90992 -0.505738 0
3.969 -1.9164 -0.466423 0
4 -1.92017 -0.441487 0
4.031 -1.9236 -0.41737 0
4.078 -1.92826 -0.382409 0
4.109 -1.93102 -0.360434 0
4.156 -1.93482 -0.328803 0
4.187 -1.93712 -0.30907 0
4.234 -1.94037 -0.280897 0
4.265 -1.94239 -0.263479 0
4.312 -1.94532 -0.238859 0
4.344 -1.94726 -0.223339 0
4.375 -1.94911 -0.209272 0
4.422 -1.95189 -0.189772 0
4.453 -1.95372 -0.17812 0
4.5 -1.95654 -0.162297 0
4.531 -1.95843 -0.153079 0
4.562 -1.96036 -0.14483 0
4.609 -1.96334 -0.134174 0
4.64 -1.96535 -0.128366 0
4.687 -1.96846 -0.121408 0
4.719 -1.97061 -0.117942 0
4.75 -1.9727 -0.115564 0
4.797 -1.97588 -0.113793 0
4.828 -1.97796 -0.113829 0
4.875 -1.98103 -0.115702 0
4.906 -1.98297 -0.118131 0
4.953 -1.98571 -0.12361 0
4.984 -1.98734 -0.128404 0
5.015 -1.98879 -0.134129 0
5.062 -1.99054 -0.144577 0
5.094 -1.99135 -0.152902 0
5.14 -1.99187 -0.166579 0
5.172 -1.99169 -0.177278 0
5.219 -1.99049 -0.194746 0
5.25 -1.989 -0.207407 0
5.281 -1.98688 -0.220973 0
5.328 -1.98235 -0.243269 0
5.359 -1.9784 -0.259116 0
5.406 -1.97086 -0.284881 0
5.437 -1.96478 -0.303027 0
5.484 -1.9538 -0.332297 0
5.515 -1.94534 -0.352769 0
5.547 -1.93558 -0.374881 0
5.594 -1.9193 -0.409173 0
5.625 -1.90728 -0.432978 0
5.672 -1.8871 -0.470879 0
5.703 -1.87252 -0.497074 0
5.734 -1.85692 -0.524221 0
5.781 -1.83134 -0.567195 0
5.812 -1.81322 -0.596734 0
5.859 -1.78385 -0.643323 0
5.89 -1.76325 -0.675234 0
5.922 -1.74094 -0.709151 0
5.969 -1.70629 -0.760747 0
6 -1.68219 -0.795922 0
6.047 -1.64374 -0.850952 0
6.078 -1.6171 -0.888346 0
6.125 -1.57471 -0.946654 0
6.156 -1.5454 -0.986141 0
6.187 -1.51498 -1.02641 0
6.234 -1.46664 -1.08889 0
6.265 -1.43323 -1.13098 0
6.312 -1.38015 -1.19598 0
6.344 -1.34223 -1.24098 0
6.39 -1.28506 -1.30653 0
6.422 -1.24334 -1.3526 0
6.453 -1.20129 -1.39749 0
6.5 -1.13435 -1.46574 0
6.531 -1.08796 -1.51069 0
6.578 -1.01406 -1.57833 0
6.609 -0.962849 -1.62231 0
6.64 -0.909582 -1.66553 0
6.687 -0.824758 -1.72903 0
6.719 -0.764115 -1.77039 0
6.765 -0.672747 -1.8263 0
6.797 -0.60626 -1.86209 0
6.828 -0.539601 -1.8938 0
6.875 -0.434538 -1.93522 0
6.906 -0.362857 -1.95742 0
6.953 -0.251254 -1.98217 0
6.984 -0.176247 -1.99213 0
7.015 -0.10063 -1.99681 0
7.062 0.0141649 -1.99389 0
7.094 0.0917538 -1.98531 0
7.14 0.201552 -1.96452 0
7.172 0.276287 -1.94483 0
7.219 0.383084 -1.90935 0
7.25 0.451399 -1.88233 0
7.297 0.551564 -1.83694 0
7.328 0.615336 -1.80462 0
7.359 0.677278 -1.77076 0
7.406 0.767739 -1.71715 0
7.437 0.825169 -1.68063 0
7.484 0.908953 -1.62405 0
7.515 0.962111 -1.58619 0
7.562 1.03964 -1.52835 0
7.594 1.09038 -1.48887 0
7.625 1.13803 -1.45068 0
7.672 1.2075 -1.39311 0
7.703 1.25158 -1.35546 0
7.75 1.31583 -1.29906 0
7.781 1.35655 -1.26238 0
7.812 1.39599 -1.22618 0
7.859 1.45337 -1.17226 0
7.89 1.48962 -1.13739 0
7.937 1.54219 -1.08564 0
7.969 1.5763 -1.05118 0
8 1.60804 -1.01843 0
8.047 1.65363 -0.969966 0
8.078 1.682 -0.938784 0
8.125 1.72232 -0.892695 0
8.156 1.74709 -0.863071 0
8.187 1.77035 -0.834053 0
8.234 1.80267 -0.791191 0
8.265 1.82199 -0.763648 0
8.312 1.84818 -0.722962 0
8.344 1.86386 -0.69598 0
8.39 1.88338 -0.658194 0
8.422 1.89489 -0.632596 0
8.453 1.90448 -0.608336 0
8.5 1.91625 -0.572578 0
8.531 1.92231 -0.549687 0
8.578 1.92916 -0.516078 0
8.609 1.93228 -0.494668 0
8.656 1.93519 -0.46342 0
8.687 1.93605 -0.443652 0
8.719 1.93617 -0.423982 0
8.765 1.93519 -0.397079 0
8.797 1.93383 -0.379359 0
8.844 1.93103 -0.354879 0
8.875 1.92875 -0.339772 0
8.906 1.92619 -0.325517 0
8.953 1.9219 -0.305572 0
8.984 1.91886 -0.293539 0
9.031 1.91404 -0.277039 0
9.062 1.91076 -0.267324 0
9.094 1.90733 -0.258283 0
9.14 1.90237 -0.247067 0
9.172 1.89892 -0.240516 0
9.219 1.89392 -0.232776 0
9.25 1.89067 -0.228904 0
9.297 1.88586 -0.224918 0
9.328 1.88277 -0.223538 0
9.375 1.87823 -0.223347 0
9.406 1.87534 -0.224478 0
9.453 1.87112 -0.228105 0
9.484 1.86844 -0.23176 0
9.515 1.86584 -0.236417 0
9.562 1.86206 -0.245391 0
9.609 1.85846 -0.256667 0
9.64 1.85617 -0.26536 0
9.687 1.85282 -0.280438 0
9.719 1.85061 -0.292008 0
9.75 1.84851 -0.304217 0
9.797 1.8454 -0.324598 0
9.828 1.84337 -0.339265 0
9.875 1.8403 -0.36334 0
9.906 1.83827 -0.38042 0
9.937 1.8362 -0.398444 0
9.984 1.83299 -0.427548 0
10.015 1.83078 -0.447899 0
10.062 1.82726 -0.480469 0
10.094 1.82471 -0.503803 0
10.125 1.82208 -0.527282 0
10.172 1.81775 -0.564473 0
10.203 1.81463 -0.590019 0
10.25 1.80938 -0.630222 0
10.281 1.80552 -0.657664 0
10.328 1.79895 -0.700575 0
10.359 1.79407 -0.729677 0
10.406 1.78565 -0.774885 0
10.437 1.77932 -0.805333 0
10.469 1.77204 -0.83721 0
10.515 1.76001 -0.883665 0
10.547 1.75039 -0.916295 0
10.594 1.73408 -0.964454 0
10.625 1.72168 -0.996229 0
10.656 1.70782 -1.0279 0
10.703 1.68367 -1.07549 0
10.734 1.66546 -1.10648 0
10.781 1.63408 -1.15269 0
10.812 1.61075 -1.18257 0
10.844 1.5844 -1.2129 0
10.89 1.54242 -1.25558 0
10.922 1.51039 -1.28467 0
10.969 1.45924 -1.32661 0
11 1.42295 -1.35384 0
11.031 1.38471 -1.38078 0
11.078 1.32323 -1.42119 0
11.109 1.28048 -1.44762 0
11.156 1.21256 -1.48744 0
11.187 1.1658 -1.51358 0
11.234 1.09208 -1.55304 0
11.265 1.04167 -1.57896 0
11.312 0.962601 -1.61803 0
11.344 0.906989 -1.64444 0
11.39 0.824561 -1.68202 0
11.422 0.765504 -1.70781 0
11.469 0.67622 -1.74494 0
11.5 0.615677 -1.76881 0
11.531 0.55382 -1.79206 0
11.578 0.457542 -1.82584 0
11.609 0.392405 -1.84692 0
11.656 0.29122 -1.87663 0
11.687 0.222923 -1.89445 0
11.719 0.151181 -1.91108 0
11.765 0.045994 -1.93128 0
11.797 -0.0284628 -1.94232 0
11.844 -0.13938 -1.95325 0
11.875 -0.213279 -1.9565 0
11.922 -0.325826 -1.95453 0
11.953 -0.399939 -1.94817 0
12 -0.511181 -1.93014 0
12.031 -0.583203 -1.91245 0
12.062 -0.653655 -1.89008 0
12.109 -0.756597 -1.84751 0
12.14 -0.821458 -1.81412 0
12.187 -0.914608 -1.75644 0
12.219 -0.974259 -1.71302 0
12.265 -1.05457 -1.64591 0
12.297 -1.10672 -1.59664 0
12.328 -1.15442 -1.54738 0
12.375 -1.22166 -1.47062 0
12.406 -1.26285 -1.41907 0
12.453 -1.32082 -1.34021 0
12.484 -1.35628 -1.28804 0
12.531 -1.40615 -1.20917 0
12.562 -1.43664 -1.15752 0
12.609 -1.47954 -1.0801 0
12.64 -1.50577 -1.02978 0
12.687 -1.54269 -0.95482 0
12.719 -1.566 -0.904814 0
12.75 -1.58727 -0.857237 0
12.797 -1.61723 -0.786837 0
12.828 -1.63559 -0.741604 0
12.875 -1.66149 -0.674924 0
12.906 -1.67738 -0.632233 0
12.953 -1.6998 -0.569513 0
12.984 -1.71357 -0.529488 0
13.031 -1.73302 -0.470873 0
13.062 -1.74497 -0.433587 0
13.109 -1.76184 -0.379157 0
13.14 -1.77219 -0.344648 0
13.172 -1.78229 -0.310189 0
13.219 -1.79607 -0.261723 0
13.25 -1.80451 -0.231153 0
13.297 -1.81641 -0.186922 0
13.328 -1.82369 -0.159143 0
13.375 -1.83393 -0.119136 0
13.406 -1.84017 -0.0941346 0
13.453 -1.84891 -0.0583251 0
13.484 -1.85423 -0.0360826 0
13.531 -1.86166 -0.0044375 0
13.562 -1.86616 0.015071 0
13.594 -1.87049 0.0340773 0
13.64 -1.87619 0.0593955 0
13.672 -1.87981 0.075622 0
13.719 -1.88466 0.0974057 0
13.75 -1.88757 0.110447 0
13.797 -1.89159 0.12822 0
13.828 -1.89398 0.138633 0
13.875 -1.89728 0.152443 0
13.906 -1.89924 0.160256 0
13.937 -1.90105 0.167044 0
13.984 -1.90351 0.175388 0
14.015 -1.90496 0.179613 0
14.062 -1.90692 0.184086 0
14.094 -1.9081 0.185802 0
14.14 -1.90958 0.186389 0
14.172 -1.91046 0.18549 0
14.203 -1.91121 0.183598 0
14.25 -1.91211 0.178809 0
14.281 -1.91257 0.174385 0
14.328 -1.91302 0.165752 0
14.359 -1.91316 0.158786 0
14.406 -1.91311 0.14629 0
14.437 -1.91288 0.136766 0
14.484 -1.91222 0.120377 0
14.515 -1.91156 0.108274 0
14.562 -1.91018 0.0879539 0
14.594 -1.90895 0.0727525 0
14.625 -1.90753 0.0569652 0
14.672 -1.90487 0.031027 0
14.703 -1.90277 0.0125911 0
14.75 -1.899 -0.0173849 0
14.781 -1.8961 -0.0384984 0
14.828 -1.89102 -0.0725545 0
14.859 -1.88719 -0.0963716 0
14.906 -1.88058 -0.134543 0
14.937 -1.87567 -0.161084 0
14.969 -1.87009 -0.189621 0
15.015 -1.86114 -0.232672 0
15.047 -1.85421 -0.264035 0
15.094 -1.84292 -0.312198 0
15.125 -1.83469 -0.345329 0
15.172 -1.82097 -0.39762 0
15.203 -1.81103 -0.43346 0
15.234 -1.80035 -0.470365 0
15.281 -1.78263 -0.528327 0
15.312 -1.76989 -0.567865 0
15.359 -1.74882 -0.629753 0
15.39 -1.73371 -0.671825 0
15.437 -1.70881 -0.737451 0
15.469 -1.69038 -0.783354 0
15.515 -1.66165 -0.850983 0
15.547 -1.63999 -0.899105 0
15.594 -1.6055 -0.971249 0
15.625 -1.58089 -1.01969 0
15.656 -1.55469 -1.06873 0
15.703 -1.51175 -1.14402 0
15.734 -1.48117 -1.19414 0
15.781 -1.43112 -1.27052 0
15.812 -1.39552 -1.32094 0
15.859 -1.33739 -1.39701 0
15.89 -1.29614 -1.44665 0
15.937 -1.22897 -1.5205 0
15.969 -1.17991 -1.56941 0
16.015 -1.10451 -1.63701 0
16.047 -1.04862 -1.68166 0
16.078 -0.991794 -1.72267 0
16.125 -0.900749 -1.77984 0
16.156 -0.837647 -1.81379 0
16.203 -0.737827 -1.85888 0
16.234 -0.669613 -1.88411 0
16.281 -0.563336 -1.91531 0
16.312 -0.491815 -1.93121 0
16.344 -0.417188 -1.94384 0
16.39 -0.309135 -1.95554 0
16.422 -0.233834 -1.95949 0
16.469 -0.123632 -1.95962 0
16.5 -0.0514872 -1.95635 0
16.547 0.0566749 -1.94685 0
16.578 0.127028 -1.93791 0
16.609 0.196478 -1.92707 0
16.656 0.299868 -1.90741 0
16.687 0.36671 -1.89256 0
16.734 0.465868 -1.86754 0
16.765 0.529766 -1.84958 0
16.812 0.624269 -1.82039 0
16.844 0.686921 -1.79932 0
16.875 0.74627 -1.77807 0
16.922 0.833649 -1.74439 0
16.953 0.889512 -1.72129 0
17 0.971417 -1.68498 0
17.031 1.02353 -1.66021 0
17.062 1.07407 -1.6348 0
17.109 1.14757 -1.59503 0
17.14 1.19391 -1.56797 0
17.187 1.26076 -1.52561 0
17.219 1.30384 -1.49583 0
17.25 1.34365 -1.46624 0
17.297 1.40032 -1.41995 0
17.328 1.43524 -1.38848 0
17.375 1.48446 -1.3394 0
17.406 1.51453 -1.30617 0
17.437 1.54276 -1.27232 0
17.484 1.58219 -1.21997 0
17.515 1.60612 -1.18489 0
17.562 1.63948 -1.13109 0
17.594 1.66035 -1.09418 0
17.64 1.68798 -1.04097 0
17.672 1.70571 -1.00398 0
17.703 1.72182 -0.968273 0
17.75 1.74444 -0.914546 0
17.781 1.75829 -0.879485 0
17.828 1.77782 -0.82706 0
17.859 1.78983 -0.793048 0
17.906 1.80686 -0.742466 0
17.937 1.81738 -0.709817 0
17.969 1.8277 -0.676759 0
18.015 1.84166 -0.630458 0
18.047 1.85081 -0.599144 0
18.094 1.8635 -0.554551 0
18.125 1.87142 -0.526085 0
18.156 1.87901 -0.498396 0
18.203 1.88994 -0.457938 0
18.234 1.8968 -0.432281 0
18.281 1.90671 -0.394975 0
18.312 1.91295 -0.371439 0
18.344 1.91917 -0.348049 0
18.39 1.92771 -0.316057 0
18.422 1.9334 -0.294949 0
18.469 1.94141 -0.26567 0
18.5 1.94646 -0.247488 0
18.547 1.9538 -0.221647 0
18.578 1.95843 -0.205744 0
18.625 1.9651 -0.183373 0
18.656 1.96928 -0.169765 0
18.687 1.97326 -0.157072 0
18.734 1.9789 -0.139572 0
18.765 1.98234 -0.12918 0
18.812 1.98706 -0.115171 0
18.844 1.9899 -0.106838 0
18.875 1.99233 -0.0996958 0
18.922 1.99534 -0.0906199 0
18.953 1.99681 -0.0857928 0
19 1.99819 -0.0802414 0
19.031 1.99846 -0.0777533 0
19.062 1.99819 -0.0762061 0
19.109 1.99661 -0.0756744 0
19.14 1.99476 -0.0765356 0
19.187 1.99061 -0.079709 0
19.219 1.98681 -0.083178 0
19.25 1.98235 -0.0875661 0
19.297 1.97408 -0.0961793 0
19.328 1.9676 -0.103174 0
19.375 1.95623 -0.115803 0
19.406 1.94771 -0.125485 0
19.437 1.93838 -0.136255 0
19.484 1.92273 -0.154676 0
19.515 1.91144 -0.168216 0
19.562 1.8929 -0.190865 0
19.594 1.87933 -0.207753 0
19.64 1.85854 -0.234116 0
19.672 1.84321 -0.253906 0
19.719 1.81947 -0.28513 0
19.75 1.80304 -0.307125 0
19.781 1.78602 -0.33023 0
19.828 1.75913 -0.367371 0
19.859 1.74069 -0.393254 0
19.906 1.7117 -0.434589 0
19.937 1.69191 -0.463226 0
19.969 1.67092 -0.493927 0
20.015 1.63976 -0.540081 0
20.047 1.61739 -0.573586 0
20.094 1.58345 -0.624866 0
20.125 1.56035 -0.660029 0
20.156 1.53665 -0.696249 0
20.203 1.49951 -0.753163 0
20.234 1.47417 -0.792007 0
20.281 1.43436 -0.852846 0
20.312 1.40711 -0.894234 0
20.344 1.37809 -0.937982 0
20.39 1.33464 -1.00263 0
20.422 1.30311 -1.04878 0
20.469 1.25466 -1.11819 0
20.5 1.22119 -1.16495 0
20.531 1.18641 -1.21242 0
20.578 1.13099 -1.28554 0
20.609 1.09252 -1.33438 0
20.656 1.03105 -1.40907 0
20.687 0.988288 -1.45855 0
20.734 0.91982 -1.53344 0
20.765 0.872118 -1.58246 0
20.812 0.795679 -1.65558 0
20.844 0.740641 -1.70406 0
20.875 0.684896 -1.74959 0
20.922 0.595632 -1.81492 0
20.953 0.533532 -1.85477 0
21 0.434455 -1.90862 0
21.031 0.365954 -1.93867 0
21.062 0.29516 -1.96339 0
21.109 0.184256 -1.98893 0
21.14 0.109532 -1.99698 0
21.187 -0.00444143 -1.99525 0
21.219 -0.081448 -1.9848 0
21.25 -0.154882 -1.96819 0
21.297 -0.263086 -1.9326 0
21.328 -0.331997 -1.90345 0
21.375 -0.432407 -1.85251 0
21.406 -0.495885 -1.81542 0
21.453 -0.587978 -1.75522 0
21.484 -0.646042 -1.71353 0
21.531 -0.730163 -1.64823 0
21.562 -0.783169 -1.60421 0
21.594 -0.835911 -1.55828 0
21.64 -0.908388 -1.49182 0
21.672 -0.956609 -1.44557 0
21.719 -1.02438 -1.378 0
21.75 -1.06722 -1.33384 0
21.797 -1.12954 -1.2678 0
21.828 -1.16904 -1.22495 0
21.875 -1.22669 -1.16128 0
21.906 -1.26333 -1.12021 0
21.937 -1.29896 -1.07994 0
21.984 -1.35118 -1.0205 0
22.015 -1.3845 -0.982392 0
22.062 -1.43345 -0.926367 0
22.094 -1.46574 -0.889455 0
22.125 -1.49627 -0.85467 0
22.172 -1.54117 -0.803787 0
22.203 -1.56988 -0.771465 0
22.25 -1.61208 -0.724362 0
22.281 -1.63901 -0.69456 0
22.312 -1.66523 -0.665771 0
22.359 -1.70354 -0.624069 0
22.39 -1.72784 -0.597853 0
22.437 -1.76311 -0.560072 0
22.469 -1.78598 -0.535706 0
22.515 -1.81713 -0.50261 0
22.547 -1.8375 -0.480926 0
22.578 -1.85616 -0.460964 0
22.625 -1.88228 -0.432643 0
22.656 -1.898 -0.415231 0
22.703 -1.91936 -0.390717 0
22.734 -1.93174 -0.375766 0
22.781 -1.94781 -0.354888 0
22.812 -1.95656 -0.342261 0
22.859 -1.96702 -0.324782 0
22.89 -1.97207 -0.314313 0
22.922 -1.97579 -0.304359 0
22.969 -1.97861 -0.291262 0
23 -1.97887 -0.283592 0
23.047 -1.97707 -0.273408 0
23.078 -1.97457 -0.267638 0
23.109 -1.97116 -0.262624 0
23.156 -1.96446 -0.256479 0
23.187 -1.95917 -0.253401 0
23.234 -1.95006 -0.250242 0
23.265 -1.94344 -0.249174 0
23.297 -1.93618 -0.248932 0
23.344 -1.92486 -0.250195 0
23.375 -1.91703 -0.252099 0
23.422 -1.90473 -0.256637 0
23.453 -1.89637 -0.260735 0
23.484 -1.88785 -0.265719 0
23.531 -1.87468 -0.274983 0
23.562 -1.86584 -0.282228 0
23.609 -1.85225 -0.294943 0
23.64 -1.84318 -0.304475 0
23.687 -1.82926 -0.320667 0
23.719 -1.81968 -0.332892 0
23.765 -1.80576 -0.352167 0
23.797 -1.79598 -0.366756 0
23.828 -1.78643 -0.38181 0
23.875 -1.77179 -0.406351 0
23.906 -1.76202 -0.423665 0
23.953 -1.74704 -0.451607 0
23.984 -1.73704 -0.471145 0
24.015 -1.72694 -0.491554 0
24.062 -1.71141 -0.524141 0
24.094 -1.70069 -0.54745 0
24.14 -1.68504 -0.582524 0
24.172 -1.674 -0.607999 0
24.219 -1.6575 -0.646988 0
24.25 -1.64645 -0.673711 0
24.281 -1.63524 -0.701221 0
24.328 -1.61795 -0.744398 0
24.359 -1.60634 -0.773825 0
24.406 -1.58841 -0.819836 0
24.437 -1.57635 -0.851078 0
24.469 -1.5637 -0.884047 0
24.515 -1.54513 -0.932668 0
24.547 -1.53192 -0.967302 0
24.594 -1.51205 -1.01929 0
24.625 -1.49861 -1.05425 0
24.656 -1.48487 -1.08969 0
24.703 -1.46342 -1.14419 0
24.734 -1.4488 -1.18055 0
24.781 -1.42581 -1.23606 0
24.812 -1.41001 -1.27277 0
24.859 -1.38489 -1.32823 0
24.89 -1.36742 -1.36444 0
24.937 -1.33924 -1.41826 0
24.969 -1.31866 -1.4538 0
25 -1.29742 -1.48705 0
25.047 -1.26228 -1.5346 0
25.078 -1.23684 -1.56364 0
25.125 -1.19422 -1.60351 0
25.156 -1.16315 -1.62681 0
25.203 -1.11124 -1.65745 0
25.234 -1.0738 -1.67469 0
25.265 -1.03386 -1.68975 0
25.312 -0.968843 -1.70901 0
25.344 -0.921754 -1.72005 0
25.39 -0.850513 -1.7336 0
25.422 -0.798753 -1.74177 0
25.453 -0.747078 -1.7489 0
25.5 -0.666161 -1.75861 0
25.531 -0.611263 -1.76445 0
25.578 -0.525951 -1.77265 0
25.609 -0.468415 -1.77771 0
25.64 -0.409939 -1.78252 0
25.687 -0.319584 -1.78937 0
25.719 -0.256948 -1.7937 0
25.765 -0.165389 -1.79936 0
25.797 -0.100674 -1.80284 0
25.844 -0.00415866 -1.80709 0
25.875 0.0604171 -1.80921 0
25.922 0.159636 -1.81113 0
25.953 0.225888 -1.81138 0
25.984 0.292727 -1.81066 0
26.031 0.395042 -1.80742 0
26.062 0.463056 -1.80361 0
26.109 0.566715 -1.79485 0
26.14 0.63525 -1.7868 0
26.172 0.705934 -1.7763 0
26.219 0.809159 -1.75626 0
26.25 0.876474 -1.73962 0
26.297 0.976527 -1.70841 0
26.328 1.0406 -1.68343 0
26.359 1.1026 -1.65464 0
26.406 1.19149 -1.60332 0
26.437 1.24599 -1.56434 0
26.484 1.32122 -1.49787 0
26.515 1.36555 -1.44968 0
26.547 1.40675 -1.39693 0
26.594 1.459 -1.31514 0
26.625 1.48834 -1.25921 0
26.672 1.52569 -1.17263 0
26.703 1.54601 -1.11496 0
26.734 1.56323 -1.05722 0
26.781 1.58398 -0.970155 0
26.812 1.59448 -0.913354 0
26.859 1.60611 -0.82861 0
26.89 1.61121 -0.773811 0
26.937 1.6155 -0.692648 0
26.969 1.61625 -0.638832 0
27 1.61548 -0.587887 0
27.047 1.61174 -0.512985 0
27.078 1.60774 -0.465176 0
27.125 1.5996 -0.395175 0
27.156 1.59299 -0.35067 0
27.203 1.5813 -0.285749 0
27.234 1.57258 -0.244622 0
27.265 1.56315 -0.204846 0
27.312 1.54761 -0.147109 0
27.344 1.53626 -0.109565 0
27.39 1.51899 -0.0580845 0
27.422 1.50637 -0.0239912 0
27.453 1.49372 0.00770358 0
27.5 1.47383 0.0532792 0
27.531 1.4603 0.0817229 0
27.578 1.43922 0.122427 0
27.609 1.42499 0.147698 0
27.64 1.41053 0.171729 0
27.687 1.38821 0.20583 0
27.719 1.37277 0.227458 0
27.765 1.35028 0.256323 0
27.797 1.33446 0.274875 0
27.844 1.31099 0.299881 0
27.875 1.29537 0.314932 0
27.922 1.27152 0.335594 0
27.953 1.2557 0.347816 0
28 1.23157 0.364243 0
28.031 1.21559 0.373708 0
28.062 1.19956 0.382097 0
28.109 1.17518 0.392788 0
28.14 1.15907 0.398519 0
28.187 1.13458 0.405236 0
28.219 1.11788 0.408467 0
28.25 1.1017 0.410576 0
28.297 1.07714 0.411885 0
28.328 1.06094 0.411523 0
28.375 1.03637 0.409154 0
28.406 1.02018 0.406413 0
28.437 1.004 0.402755 0
28.484 0.979482 0.395501 0
28.515 0.963332 0.389618 0
28.562 0.938883 0.379086 0
28.594 0.922265 0.370839 0
28.625 0.906191 0.362048 0
28.672 0.881869 0.347274 0
28.703 0.865864 0.336619 0
28.75 0.841656 0.319164 0
28.781 0.825732 0.306841 0
28.812 0.809844 0.293918 0
28.859 0.78583 0.273264 0
28.89 0.770046 0.259002 0
28.937 0.746206 0.236517 0
28.969 0.730045 0.220684 0
29.015 0.706929 0.197298 0
29.047 0.690941 0.180666 0
29.078 0.675534 0.164329 0
29.125 0.652356 0.139243 0
29.156 0.637206 0.122559 0
29.203 0.614487 0.0971702 0
29.234 0.599695 0.0804258 0
29.281 0.577614 0.0551381 0
29.312 0.563313 0.0385715 0
29.344 0.548802 0.0215961 0
29.39 0.528451 -0.00254482 0
29.422 0.514691 -0.0191443 0
29.469 0.495147 -0.0432432 0
29.5 0.482732 -0.058977 0
29.531 0.470724 -0.0746134 0
29.578 0.453342 -0.0982226 0
29.609 0.442443 -0.113806 0
29.656 0.426797 -0.137611 0
29.687 0.417052 -0.153543 0
29.719 0.407455 -0.170286 0
29.765 0.394423 -0.195086 0
29.797 0.385825 -0.212999 0
29.844 0.373742 -0.240556 0
29.875 0.366016 -0.259696 0
29.922 0.354436 -0.290426 0
29.953 0.346725 -0.311958 0
29.984 0.338815 -0.334586 0
30.031 0.32614 -0.371133 0
30.062 0.317122 -0.396787 0
30.109 0.302075 -0.438105 0
30.14 0.291026 -0.466966 0
30.187 0.272208 -0.513121 0
30.219 0.257766 -0.546142 0
30.25 0.242376 -0.579296 0
30.297 0.216194 -0.631583 0
30.328 0.196932 -0.667277 0
30.375 0.164572 -0.722977 0
30.406 0.141105 -0.760612 0
30.437 0.115945 -0.79884 0
30.484 0.0746072 -0.857709 0
30.515 0.045289 -0.897002 0
30.562 -0.00214218 -0.957058 0
30.594 -0.036392 -0.998164 0
30.625 -0.070997 -1.03807 0
30.672 -0.125967 -1.0986 0
30.703 -0.163762 -1.13847 0
30.75 -0.223201 -1.19868 0
30.781 -0.263709 -1.23819 0
30.812 -0.305174 -1.27746 0
30.859 -0.369725 -1.33642 0
30.89 -0.413328 -1.37482 0
30.937 -0.480856 -1.43206 0
30.969 -0.527732 -1.47016 0
31.015 -0.59626 -1.52327 0
31.047 -0.64463 -1.55869 0
31.094 -0.716487 -1.6076 0
31.125 -0.764213 -1.63712 0
31.156 -0.811954 -1.66371 0
31.203 -0.883537 -1.69635 0
31.234 -0.929309 -1.71095 0
31.281 -0.993837 -1.71848 0
31.312 -1.03093 -1.71139 0
31.359 -1.07469 -1.68043 0
31.39 -1.09394 -1.64785 0
31.422 -1.1059 -1.60642 0
31.469 -1.11079 -1.53593 0
31.5 -1.10724 -1.48562 0
31.547 -1.09384 -1.40639 0
31.578 -1.08072 -1.35325 0
31.625 -1.05566 -1.27253 0
31.656 -1.0363 -1.21965 0
31.687 -1.01506 -1.1673 0
31.734 -0.979777 -1.08925 0
31.765 -0.954773 -1.03881 0
31.812 -0.914643 -0.964095 0
31.844 -0.885995 -0.914519 0
31.89 -0.843211 -0.845183 0
31.922 -0.812481 -0.79833 0
31.969 -0.766128 -0.73161 0
32 -0.734872 -0.688981 0
32.031 -0.703152 -0.647451 0
32.078 -0.654316 -0.586576 0
32.109 -0.621698 -0.547795 0
32.156 -0.571761 -0.49105 0
32.187 -0.538578 -0.454955 0
32.219 -0.504174 -0.418788 0
32.265 -0.454543 -0.368698 0
32.297 -0.419952 -0.335143 0
32.344 -0.369139 -0.287722 0
32.375 -0.335661 -0.257622 0
32.406 -0.302243 -0.228434 0
32.453 -0.251732 -0.185871 0
32.484 -0.218542 -0.158883 0
32.531 -0.168437 -0.119573 0
32.562 -0.135536 -0.0946875 0
32.594 -0.101698 -0.0698581 0
32.64 -0.0532653 -0.0356896 0
32.672 -0.0197063 -0.0129837 0
32.719 0.029413 0.0187638 0
32.75 0.0617192 0.0386419 0
32.781 0.0939687 0.0576569 0
32.828 0.142787 0.0847949 0
32.859 0.174956 0.101546 0
32.906 0.223717 0.125137 0
32.937 0.255885 0.139468 0
32.984 0.304693 0.159264 0
33.015 0.336918 0.171007 0
33.062 0.38584 0.186752 0
33.094 0.419196 0.196012 0
33.125 0.451547 0.203825 0
33.172 0.500662 0.213444 0
33.203 0.533096 0.218287 0
33.25 0.582315 0.223297 0
33.281 0.614798 0.225033 0
33.328 0.664053 0.225238 0
33.359 0.69653 0.223745 0
33.39 0.728984 0.220936 0
33.437 0.778115 0.214132 0
33.469 0.811491 0.207718 0
33.5 0.843749 0.200111 0
33.547 0.89247 0.185926 0
33.578 0.924455 0.174799 0
33.625 0.972665 0.155212 0
33.656 1.00424 0.14048 0
33.703 1.05172 0.115363 0
33.734 1.08273 0.0969461 0
33.765 1.11346 0.0770442 0
33.812 1.15945 0.0440156 0
33.844 1.19031 0.0195447 0
33.89 1.2339 -0.0184682 0
33.922 1.26363 -0.0468957 0
33.969 1.30632 -0.0916141 0
34 1.33376 -0.123046 0
34.047 1.37413 -0.173644 0
34.078 1.39987 -0.208957 0
34.109 1.42483 -0.245808 0
34.156 1.46102 -0.304602 0
34.187 1.48369 -0.345294 0
34.234 1.51601 -0.409851 0
34.265 1.53584 -0.454291 0
34.297 1.55493 -0.501682 0
34.344 1.58013 -0.573998 0
34.375 1.5947 -0.623392 0
34.422 1.61322 -0.700685 0
34.453 1.62279 -0.753125 0
34.484 1.62998 -0.806592 0
34.531 1.63569 -0.889267 0
34.562 1.63555 -0.944552 0
34.609 1.62839 -1.02878 0
34.64 1.61841 -1.08402 0
34.672 1.60311 -1.14015 0
34.719 1.57041 -1.21949 0
34.75 1.54169 -1.26873 0
34.797 1.48714 -1.33696 0
34.828 1.44434 -1.377 0
34.875 1.37066 -1.4297 0
34.906 1.31735 -1.45935 0
34.937 1.26116 -1.48527 0
34.984 1.17187 -1.51828 0
35.015 1.11103 -1.53645 0
35.062 1.01686 -1.55941 0
35.094 0.951864 -1.57233 0
35.14 0.857773 -1.58766 0
35.172 0.792129 -1.59641 0
35.203 0.728556 -1.60358 0
35.25 0.632467 -1.61238 0
35.281 0.569421 -1.61702 0
35.328 0.474533 -1.62264 0
35.359 0.412492 -1.62558 0
35.406 0.319371 -1.62916 0
35.437 0.258619 -1.63111 0
35.469 0.196491 -1.63289 0
35.515 0.108249 -1.63525 0
35.547 0.0476115 -1.63688 0
35.594 -0.0403366 -1.63946 0
35.625 -0.0976265 -1.64139 0
35.656 -0.154351 -1.64355 0
35.703 -0.23928 -1.64738 0
35.734 -0.294586 -1.65032 0
35.781 -0.377333 -1.65544 0
35.812 -0.431149 -1.65925 0
35.844 -0.486023 -1.66353 0
35.89 -0.563576 -1.6702 0
35.922 -0.616487 -1.67511 0
35.969 -0.692385 -1.68249 0
36 -0.74106 -1.68728 0
36.047 -0.812307 -1.69393 0
36.078 -0.857289 -1.69758 0
36.125 -0.92174 -1.70113 0
36.156 -0.961309 -1.70156 0
36.187 -0.99814 -1.69987 0
