0 1 0 0
0.03 1 -0.00045 0
0.08 0.999995 -0.00319999 0
0.12 0.999974 -0.00719985 0
0.16 0.999918 -0.0127992 0
0.211 0.999752 -0.0222561 0
0.261 0.99942 -0.0340447 0
0.301 0.998975 -0.0452634 0
0.341 0.998313 -0.0580621 0
0.391 0.997088 -0.0762628 0
0.431 0.995707 -0.0925624 0
0.471 0.993889 -0.11038 0
0.521 0.990881 -0.134736 0
0.561 0.987783 -0.155835 0
0.601 0.983974 -0.178309 0
0.641 0.979366 -0.202095 0
0.691 0.972344 -0.233552 0
0.731 0.965611 -0.25999 0
0.771 0.957796 -0.287449 0
0.811 0.94882 -0.315818 0
0.851 0.938612 -0.344973 0
0.902 0.923714 -0.383082 0
0.942 0.910489 -0.413533 0
0.992 0.891991 -0.452053 0
1.032 0.875591 -0.483053 0
1.072 0.857759 -0.514052 0
1.122 0.833466 -0.552571 0
1.162 0.812458 -0.58302 0
1.212 0.784301 -0.62038 0
1.252 0.760332 -0.649534 0
1.292 0.735164 -0.677889 0
1.332 0.708893 -0.705316 0
1.382 0.674677 -0.738113 0
1.422 0.646363 -0.76303 0
1.462 0.617374 -0.786669 0
1.512 0.580441 -0.814302 0
1.552 0.550556 -0.834798 0
1.593 0.519829 -0.85427 0
1.633 0.489966 -0.871741 0
1.683 0.453115 -0.891452 0
1.723 0.424273 -0.905534 0
1.763 0.396223 -0.918154 0
1.813 0.362574 -0.931954 0
1.853 0.337007 -0.941502 0
1.893 0.312806 -0.949816 0
1.933 0.290088 -0.956999 0
1.983 0.263872 -0.964557 0
2.023 0.244637 -0.969614 0
2.063 0.226846 -0.97393 0
2.113 0.206333 -0.978481 0
2.153 0.190926 -0.981603 0
2.203 0.172244 -0.985053 0
2.243 0.157167 -0.987571 0
2.294 0.136907 -0.990583 0
2.334 0.119617 -0.992819 0
2.374 0.100659 -0.99492 0
2.424 0.0741639 -0.997245 0
2.464 0.0504915 -0.998723 0
2.504 0.0245076 -0.999698 0
2.544 -0.00380814 -0.999991 0
2.594 -0.0424108 -0.999098 0
2.634 -0.0757353 -0.997126 0
2.674 -0.111072 -0.99381 0
2.714 -0.148239 -0.988949 0
2.754 -0.187024 -0.982353 0
2.804 -0.237429 -0.971402 0
2.844 -0.278983 -0.960293 0
2.894 -0.332029 -0.943266 0
2.934 -0.375014 -0.927016 0
2.985 -0.430049 -0.902802 0
3.025 -0.473045 -0.881034 0
3.065 -0.515587 -0.856833 0
3.115 -0.567707 -0.823227 0
3.155 -0.60823 -0.793757 0
3.205 -0.656994 -0.753891 0
3.245 -0.6942 -0.719777 0
3.285 -0.729558 -0.683914 0
3.325 -0.76287 -0.646546 0
3.365 -0.793968 -0.607953 0
3.415 -0.829528 -0.558458 0
3.455 -0.855222 -0.518254 0
3.505 -0.883839 -0.467782 0
3.545 -0.903953 -0.427621 0
3.585 -0.921664 -0.387979 0
3.625 -0.937072 -0.349125 0
3.666 -0.950614 -0.310362 0
3.716 -0.964286 -0.264848 0
3.756 -0.973181 -0.230022 0
3.806 -0.982037 -0.188665 0
3.846 -0.987527 -0.157424 0
3.886 -0.991784 -0.127889 0
3.926 -0.994973 -0.100097 0
3.976 -0.997692 -0.0678393 0
4.026 -0.99926 -0.0383522 0
4.066 -0.999855 -0.0167514 0
4.106 -0.999991 0.00309456 0
4.146 -0.999771 0.0212027 0
4.196 -0.999137 0.0414249 0
4.236 -0.998443 0.0556988 0
4.276 -0.99766 0.0683044 0
4.316 -0.996849 0.0792631 0
4.357 -0.996044 0.0888079 0
4.407 -0.995165 0.0981633 0
4.447 -0.994587 0.103859 0
4.497 -0.994063 0.108763 0
4.537 -0.993824 0.110925 0
4.587 -0.993767 0.111433 0
4.627 -0.993917 0.110085 0
4.667 -0.994235 0.107176 0
4.717 -0.994847 0.101335 0
4.757 -0.995482 0.094887 0
4.807 -0.99641 0.0845892 0
4.847 -0.997212 0.0745439 0
4.887 -0.998015 0.0628763 0
4.947 -0.999099 0.0423016 0
4.997 -0.999745 0.0223128 0
5.037 -0.999984 0.00445007 0
5.088 -0.999778 -0.0207373 0
5.128 -0.999095 -0.0423713 0
5.168 -0.997837 -0.0656323 0
5.218 -0.995283 -0.0969369 0
5.258 -0.992313 -0.123694 0
5.298 -0.98839 -0.151891 0
5.348 -0.981967 -0.189012 0
5.388 -0.975477 -0.220065 0
5.428 -0.967673 -0.252176 0
5.468 -0.958462 -0.285193 0
5.518 -0.944846 -0.327489 0
5.558 -0.932194 -0.361936 0
5.608 -0.914098 -0.405472 0
5.648 -0.897758 -0.440469 0
5.688 -0.879744 -0.475429 0
5.728 -0.860056 -0.510183 0
5.769 -0.838151 -0.545423 0
5.819 -0.809119 -0.587629 0
5.859 -0.784114 -0.620602 0
5.909 -0.750733 -0.660592 0
5.949 -0.722423 -0.691438 0
5.989 -0.692792 -0.721125 0
6.029 -0.661953 -0.749533 0
6.079 -0.621908 -0.783079 0
6.119 -0.588862 -0.808222 0
6.159 -0.555106 -0.831769 0
6.209 -0.512206 -0.858852 0
6.249 -0.47758 -0.878578 0
6.289 -0.442931 -0.896546 0
6.329 -0.408502 -0.912748 0
6.379 -0.366168 -0.93054 0
6.419 -0.333186 -0.942852 0
6.46 -0.300503 -0.953772 0
6.51 -0.262609 -0.964894 0
6.55 -0.234178 -0.972186 0
6.59 -0.207701 -0.978184 0
6.63 -0.183423 -0.983026 0
6.68 -0.156499 -0.987671 0
6.72 -0.137918 -0.990436 0
6.76 -0.122102 -0.99251 0
6.81 -0.106266 -0.99433 0
6.85 -0.0966314 -0.995313 0
6.9 -0.0879225 -0.99612 0
6.94 -0.083007 -0.996542 0
6.99 -0.0782235 -0.996928 0
7.03 -0.0744021 -0.997221 0
7.07 -0.0695992 -0.997568 0
7.11 -0.0630151 -0.998005 0
7.151 -0.053777 -0.998545 0
7.201 -0.0384892 -0.999251 0
7.241 -0.0228296 -0.999732 0
7.291 0.00110796 -0.999992 0
7.331 0.0236731 -0.999712 0
7.371 0.049131 -0.998785 0
7.421 0.0847422 -0.996395 0
7.461 0.115997 -0.993242 0
7.501 0.149448 -0.988762 0
7.541 0.184831 -0.982763 0
7.591 0.231361 -0.972861 0
7.631 0.270078 -0.962831 0
7.671 0.309813 -0.95079 0
7.721 0.360474 -0.932762 0
7.761 0.401452 -0.915873 0
7.801 0.442534 -0.896744 0
7.842 0.484474 -0.874798 0
7.892 0.535 -0.844845 0
7.932 0.574639 -0.818399 0
7.972 0.613345 -0.789808 0
8.022 0.660099 -0.751171 0
8.062 0.695966 -0.718067 0
8.112 0.73859 -0.674147 0
8.152 0.770722 -0.637163 0
8.192 0.800944 -0.59873 0
8.232 0.829124 -0.559055 0
8.272 0.855147 -0.518377 0
8.322 0.884502 -0.466526 0
8.362 0.905374 -0.424604 0
8.412 0.928161 -0.372168 0
8.452 0.943773 -0.330582 0
8.492 0.957127 -0.289654 0
8.533 0.96858 -0.248683 0
8.573 0.977714 -0.209921 0
8.623 0.986546 -0.16346 0
8.663 0.99176 -0.128074 0
8.713 0.996269 -0.0862501 0
8.753 0.998493 -0.0548003 0
8.793 0.999679 -0.0251763 0
8.833 0.999992 0.00261011 0
8.873 0.999588 0.0285648 0
8.923 0.998285 0.0584617 0
8.963 0.99676 0.0803764 0
9.013 0.994434 0.105322 0
9.053 0.992357 0.123365 0
9.093 0.990183 0.139749 0
9.143 0.987443 0.15795 0
9.183 0.985313 0.170731 0
9.224 0.983252 0.182225 0
9.264 0.981409 0.191902 0
9.314 0.979401 0.2019 0
9.354 0.978071 0.208247 0
9.404 0.976798 0.214141 0
9.444 0.976113 0.217239 0
9.484 0.97574 0.218908 0
9.524 0.975686 0.21915 0
9.564 0.975951 0.217964 0
9.614 0.976727 0.214463 0
9.654 0.977688 0.210035 0
9.704 0.979288 0.202443 0
9.754 0.981285 0.192529 0
9.794 0.983126 0.182895 0
9.834 0.98514 0.171719 0
9.884 0.987824 0.155534 0
9.925 0.99009 0.140383 0
9.965 0.992284 0.123932 0
10.015 0.99488 0.100992 0
10.055 0.996731 0.0806928 0
10.105 0.998596 0.0528224 0
10.145 0.999586 0.0284847 0
10.195 0.999981 -0.0045449 0
10.235 0.999443 -0.0330903 0
10.275 0.99797 -0.0635465 0
10.325 0.994534 -0.104324 0
10.365 0.990267 -0.139111 0
10.415 0.982677 -0.185271 0
10.455 0.974512 -0.224284 0
10.495 0.964218 -0.265068 0
10.535 0.951534 -0.307504 0
10.585 0.931929 -0.362606 0
10.626 0.912435 -0.409191 0
10.666 0.890215 -0.455511 0
10.716 0.857768 -0.51401 0
10.756 0.82799 -0.560717 0
10.806 0.786054 -0.618134 0
10.846 0.748913 -0.662645 0
10.886 0.70884 -0.705348 0
10.936 0.655103 -0.755519 0
10.976 0.609631 -0.792665 0
11.026 0.550301 -0.834947 0
11.066 0.501299 -0.865256 0
11.116 0.438718 -0.898607 0
11.156 0.388016 -0.921635 0
11.196 0.337112 -0.941447 0
11.236 0.286334 -0.958113 0
11.286 0.223523 -0.974682 0
11.327 0.172964 -0.984912 0
11.367 0.124795 -0.992167 0
11.417 0.0666417 -0.997762 0
11.457 0.0221083 -0.99974 0
11.507 -0.0306364 -0.999516 0
11.547 -0.0701949 -0.997519 0
11.597 -0.115982 -0.993237 0
11.637 -0.149444 -0.988756 0
11.677 -0.179911 -0.983669 0
11.717 -0.207249 -0.978274 0
11.767 -0.23688 -0.971525 0
11.807 -0.256896 -0.966425 0
11.847 -0.273656 -0.961814 0
11.897 -0.2902 -0.956953 0
11.937 -0.300198 -0.953863 0
11.987 -0.309301 -0.950951 0
12.028 -0.314686 -0.949182 0
12.068 -0.318927 -0.947766 0
12.118 -0.324032 -0.946033 0
12.158 -0.328857 -0.944366 0
12.208 -0.336782 -0.941569 0
12.248 -0.345114 -0.938547 0
12.288 -0.355448 -0.934682 0
12.328 -0.367847 -0.929873 0
12.378 -0.386182 -0.922409 0
12.418 -0.402975 -0.915197 0
12.458 -0.421476 -0.906826 0
12.508 -0.446703 -0.894669 0
12.548 -0.468303 -0.883554 0
12.598 -0.496714 -0.867901 0
12.638 -0.520299 -0.853971 0
12.678 -0.544409 -0.838806 0
12.729 -0.575582 -0.81773 0
12.769 -0.600125 -0.799892 0
12.819 -0.630617 -0.77608 0
12.859 -0.65466 -0.75591 0
12.909 -0.684031 -0.729439 0
12.949 -0.706825 -0.707375 0
12.989 -0.728873 -0.684634 0
13.039 -0.755247 -0.655426 0
13.079 -0.775304 -0.631574 0
13.119 -0.794373 -0.607415 0
13.169 -0.816758 -0.576965 0
13.209 -0.833473 -0.552545 0
13.249 -0.849112 -0.528197 0
13.299 -0.867149 -0.498032 0
13.339 -0.880383 -0.474247 0
13.379 -0.892574 -0.450883 0
13.43 -0.906652 -0.421861 0
13.47 -0.916587 -0.399815 0
13.52 -0.927707 -0.37329 0
13.56 -0.935618 -0.352995 0
13.6 -0.942706 -0.333604 0
13.64 -0.949022 -0.315187 0
13.69 -0.95591 -0.293636 0
13.73 -0.960677 -0.277643 0
13.77 -0.964839 -0.262816 0
13.82 -0.969264 -0.245995 0
13.86 -0.972239 -0.233961 0
13.91 -0.975322 -0.220756 0
13.95 -0.977328 -0.2117 0
14 -0.979315 -0.202309 0
14.04 -0.980524 -0.196365 0
14.08 -0.98142 -0.191834 0
14.131 -0.982138 -0.188125 0
14.171 -0.982382 -0.186846 0
14.211 -0.982351 -0.187006 0
14.261 -0.981926 -0.189226 0
14.301 -0.981267 -0.192611 0
14.341 -0.980312 -0.197416 0
14.381 -0.97904 -0.203627 0
14.431 -0.97697 -0.21334 0
14.471 -0.974892 -0.22264 0
14.521 -0.971712 -0.236131 0
14.561 -0.968655 -0.248375 0
14.611 -0.964121 -0.265428 0
14.651 -0.959869 -0.280414 0
14.691 -0.955011 -0.296538 0
14.731 -0.949498 -0.313743 0
14.782 -0.941441 -0.337146 0
14.822 -0.934258 -0.356567 0
14.872 -0.924136 -0.382035 0
14.912 -0.915072 -0.403262 0
14.952 -0.905109 -0.425153 0
15.002 -0.89134 -0.453309 0
15.042 -0.879244 -0.476347 0
15.092 -0.862744 -0.505616 0
15.132 -0.848432 -0.52928 0
15.172 -0.833136 -0.553044 0
15.222 -0.812657 -0.582718 0
15.262 -0.795221 -0.606296 0
15.312 -0.772183 -0.635377 0
15.352 -0.752828 -0.658194 0
15.402 -0.727603 -0.685976 0
15.442 -0.706708 -0.707483 0
15.483 -0.684752 -0.728754 0
15.523 -0.662929 -0.748661 0
15.573 -0.635299 -0.772245 0
15.613 -0.613094 -0.789988 0
15.653 -0.590971 -0.806671 0
15.703 -0.563685 -0.825969 0
15.743 -0.542358 -0.840126 0
15.783 -0.52166 -0.853133 0
15.833 -0.496918 -0.867776 0
15.873 -0.478209 -0.878225 0
15.923 -0.456371 -0.889769 0
15.963 -0.440232 -0.897863 0
16.013 -0.421747 -0.906693 0
16.053 -0.408227 -0.91286 0
16.093 -0.395658 -0.918377 0
16.143 -0.380862 -0.924611 0
16.184 -0.369002 -0.929408 0
16.224 -0.357159 -0.934023 0
16.264 -0.344537 -0.938752 0
16.314 -0.326917 -0.945032 0
16.354 -0.310811 -0.950451 0
16.404 -0.287588 -0.957734 0
16.444 -0.266224 -0.963891 0
16.484 -0.242202 -0.970205 0
16.534 -0.208305 -0.978044 0
16.574 -0.178062 -0.983999 0
16.624 -0.13641 -0.990632 0
16.664 -0.100114 -0.994956 0
16.704 -0.0613072 -0.998099 0
16.744 -0.0201521 -0.999777 0
16.794 0.0343003 -0.999392 0
16.834 0.079998 -0.996775 0
16.875 0.128526 -0.991686 0
16.925 0.189594 -0.981843 0
16.965 0.239577 -0.970858 0
17.015 0.302948 -0.952988 0
17.055 0.353945 -0.935247 0
17.105 0.417487 -0.908664 0
17.145 0.467702 -0.883867 0
17.185 0.516952 -0.855995 0
17.235 0.576565 -0.817032 0
17.275 0.622228 -0.782816 0
17.315 0.665698 -0.746201 0
17.355 0.706652 -0.707541 0
17.405 0.753904 -0.656964 0
17.445 0.788323 -0.61524 0
17.485 0.819623 -0.572881 0
17.535 0.854336 -0.519698 0
17.576 0.879218 -0.476396 0
17.626 0.905399 -0.424536 0
17.666 0.923261 -0.384148 0
17.706 0.938596 -0.344991 0
17.756 0.95454 -0.298051 0
17.796 0.964983 -0.262279 0
17.846 0.975501 -0.219957 0
17.886 0.982141 -0.188105 0
17.926 0.987417 -0.158091 0
17.976 0.992374 -0.123204 0
18.016 0.995236 -0.0974205 0
18.066 0.997689 -0.0678538 0
18.106 0.99892 -0.0463251 0
18.146 0.999638 -0.0266729 0
18.186 0.999955 -0.00888137 0
18.236 0.999936 0.0107699 0
18.277 0.999688 0.0247637 0
18.337 0.999119 0.0418476 0
18.377 0.998692 0.051025 0
18.427 0.998191 0.0600398 0
18.467 0.99786 0.065305 0
18.517 0.997579 0.0694739 0
18.557 0.997479 0.0708905 0
18.597 0.997499 0.0706091 0
18.637 0.997637 0.0686332 0
18.687 0.997959 0.0637827 0
18.727 0.998312 0.057997 0
18.767 0.998718 0.0505161 0
18.817 0.999242 0.0387795 0
18.857 0.999617 0.0274827 0
18.907 0.999934 0.0109856 0
18.947 0.999986 -0.00409908 0
18.988 0.999768 -0.0212787 0
19.038 0.999002 -0.0445337 0
19.078 0.997885 -0.0649057 0
19.128 0.995708 -0.0924822 0
19.168 0.993226 -0.116141 0
19.218 0.989046 -0.147563 0
19.258 0.984729 -0.174054 0
19.298 0.979454 -0.201629 0
19.338 0.973143 -0.230169 0
19.388 0.963683 -0.267018 0
19.428 0.954778 -0.297291 0
19.478 0.941878 -0.335928 0
19.518 0.93008 -0.367333 0
19.558 0.916915 -0.399058 0
19.608 0.898479 -0.438995 0
19.649 0.881673 -0.471839 0
19.689 0.86378 -0.503848 0
19.739 0.839302 -0.543646 0
19.779 0.818012 -0.575182 0
19.819 0.795199 -0.606329 0
19.869 0.76455 -0.644546 0
19.909 0.738346 -0.674404 0
19.959 0.703539 -0.710638 0
19.999 0.674113 -0.738611 0
20.039 0.643355 -0.76555 0
20.089 0.603173 -0.797593 0
20.129 0.569775 -0.821783 0
20.169 0.535412 -0.844574 0
20.219 0.491344 -0.870948 0
20.259 0.455425 -0.890257 0
20.309 0.410044 -0.912048 0
20.35 0.372731 -0.927922 0
20.39 0.336525 -0.941657 0
20.44 0.291962 -0.956413 0
20.48 0.257222 -0.966335 0
20.52 0.223614 -0.97466 0
20.57 0.183665 -0.982972 0
20.61 0.15373 -0.988096 0
20.65 0.125928 -0.992022 0
20.69 0.100562 -0.994913 0
20.74 0.0727363 -0.997334 0
20.78 0.0539363 -0.998527 0
20.83 0.0352236 -0.999362 0
20.87 0.0244057 -0.999685 0
20.92 0.0164519 -0.999847 0
20.96 0.0147389 -0.999874 0
21.01 0.0184314 -0.999813 0
21.051 0.0259629 -0.999645 0
21.091 0.0364781 -0.999317 0
21.141 0.0521679 -0.998621 0
21.181 0.0648173 -0.997879 0
21.221 0.0757824 -0.997106 0
21.261 0.0837606 -0.996468 0
21.311 0.0883129 -0.996075 0
21.351 0.0871787 -0.996174 0
21.391 0.0817305 -0.996636 0
21.441 0.0690238 -0.997596 0
21.481 0.0543778 -0.998501 0
21.531 0.0308574 -0.999504 0
21.571 0.00818586 -0.999946 0
21.611 -0.0176181 -0.999824 0
21.651 -0.0462715 -0.998908 0
21.701 -0.0856486 -0.996304 0
21.742 -0.120505 -0.992691 0
21.782 -0.156397 -0.987672 0
21.832 -0.203402 -0.979072 0
21.872 -0.242332 -0.97017 0
21.922 -0.292148 -0.956349 0
21.962 -0.332556 -0.943058 0
22.012 -0.383295 -0.9236 0
22.052 -0.423744 -0.905755 0
22.092 -0.463801 -0.885912 0
22.142 -0.512986 -0.858368 0
22.182 -0.551385 -0.834221 0
22.222 -0.588752 -0.808283 0
22.272 -0.633786 -0.773477 0
22.312 -0.668317 -0.743843 0
22.362 -0.709439 -0.704732 0
22.402 -0.740596 -0.671914 0
22.443 -0.770843 -0.636987 0
22.483 -0.798643 -0.601764 0
22.533 -0.83094 -0.556318 0
22.573 -0.854763 -0.518972 0
22.623 -0.881962 -0.471269 0
22.663 -0.901622 -0.43247 0
22.703 -0.919391 -0.393286 0
22.753 -0.938923 -0.344059 0
22.793 -0.952409 -0.304747 0
22.843 -0.966628 -0.256095 0
22.883 -0.975953 -0.217879 0
22.933 -0.985175 -0.171423 0
22.973 -0.99074 -0.135609 0
23.023 -0.995655 -0.0928845 0
23.063 -0.998144 -0.0605486 0
23.103 -0.999529 -0.02999 0
23.154 -0.99996 0.0062658 0
23.194 -0.99945 0.032524 0
23.234 -0.998362 0.0568521 0
23.284 -0.996398 0.0845609 0
23.324 -0.994495 0.104594 0
23.364 -0.992416 0.122765 0
23.414 -0.989716 0.142912 0
23.454 -0.987576 0.15702 0
23.494 -0.985531 0.169379 0
23.544 -0.983202 0.182412 0
23.584 -0.981582 0.190939 0
23.624 -0.980223 0.197799 0
23.664 -0.979157 0.203007 0
23.714 -0.978277 0.207209 0
23.754 -0.977953 0.208729 0
