0 1 0 0
0.05 0.999925 -0.0122494 0
0.09 0.999213 -0.039665 0
0.14 0.99541 -0.0956891 0
0.18 0.987566 -0.157194 0
0.22 0.972696 -0.23207 0
0.27 0.940158 -0.340723 0
0.32 0.888119 -0.459599 0
0.36 0.830925 -0.556373 0
0.4 0.760211 -0.649667 0
0.45 0.655852 -0.754885 0
0.49 0.564082 -0.825717 0
0.53 0.47061 -0.882343 0
0.58 0.360844 -0.932641 0
0.631 0.267763 -0.963514 0
0.671 0.211285 -0.977449 0
0.711 0.16364 -0.986532 0
0.751 0.111636 -0.993737 0
0.791 0.042614 -0.999043 0
0.841 -0.0748599 -0.997079 0
0.881 -0.191141 -0.981408 0
0.931 -0.35416 -0.934965 0
0.971 -0.488874 -0.872087 0
1.011 -0.618161 -0.785724 0
1.051 -0.733972 -0.678773 0
1.091 -0.829716 -0.557667 0
1.141 -0.915978 -0.400497 0
1.181 -0.959279 -0.281413 0
1.221 -0.984206 -0.17534 0
1.261 -0.996036 -0.085502 0
1.311 -0.99969 0.00251633 0
1.352 -0.99818 0.0548167 0
1.392 -0.99568 0.0892599 0
1.442 -0.993563 0.110187 0
1.482 -0.993605 0.109649 0
1.522 -0.995208 0.0937713 0
1.562 -0.997652 0.0622735 0
1.602 -0.999462 0.0147382 0
1.652 -0.997261 -0.0675128 0
1.692 -0.988095 -0.150738 0
1.742 -0.961601 -0.272675 0
1.782 -0.924691 -0.379448 0
1.822 -0.871851 -0.488816 0
1.862 -0.802744 -0.595588 0
1.902 -0.718418 -0.695038 0
1.952 -0.595609 -0.802859 0
1.992 -0.48879 -0.872085 0
2.043 -0.352324 -0.935672 0
2.083 -0.254735 -0.96687 0
2.123 -0.174386 -0.984588 0
2.163 -0.118234 -0.992937 0
2.203 -0.0885661 -0.996046 0
2.253 -0.0717604 -0.997404 0
2.293 -0.0460183 -0.998883 0
2.343 0.0258651 -0.999525 0
2.383 0.115043 -0.993163 0
2.423 0.225692 -0.973938 0
2.463 0.349521 -0.936593 0
2.503 0.477824 -0.878027 0
2.553 0.632259 -0.774163 0
2.593 0.742824 -0.668709 0
2.643 0.856069 -0.515711 0
2.683 0.922303 -0.384817 0
2.724 0.966723 -0.253205 0
2.764 0.990012 -0.136011 0
2.804 0.998681 -0.0350359 0
2.854 0.99709 0.066094 0
2.894 0.991103 0.12746 0
2.944 0.982624 0.181503 0
2.984 0.977377 0.207835 0
3.024 0.974717 0.219886 0
3.064 0.975133 0.217933 0
3.104 0.978563 0.201852 0
3.154 0.986065 0.161078 0
3.194 0.992942 0.110862 0
3.234 0.998133 0.0438201 0
3.274 0.998238 -0.0411621 0
3.324 0.983879 -0.173725 0
3.364 0.952956 -0.300226 0
3.415 0.875603 -0.481369 0
3.455 0.778441 -0.626581 0
3.495 0.651073 -0.758234 0
3.545 0.463682 -0.88554 0
3.585 0.304756 -0.952145 0
3.635 0.111644 -0.993634 0
3.675 -0.0270784 -0.99962 0
3.715 -0.143002 -0.989786 0
3.755 -0.230099 -0.973288 0
3.805 -0.294546 -0.955814 0
3.845 -0.316344 -0.948829 0
3.885 -0.330029 -0.944145 0
3.935 -0.364929 -0.931161 0
3.975 -0.41454 -0.910098 0
4.015 -0.479597 -0.877484 0
4.055 -0.553612 -0.83268 0
4.106 -0.650769 -0.759027 0
4.146 -0.722604 -0.690862 0
4.186 -0.786593 -0.616881 0
4.236 -0.85265 -0.521587 0
4.276 -0.893754 -0.447346 0
4.316 -0.92502 -0.378311 0
4.356 -0.947663 -0.317173 0
4.406 -0.966151 -0.255141 0
4.446 -0.974938 -0.218996 0
4.486 -0.979777 -0.196035 0
4.536 -0.981539 -0.186808 0
4.586 -0.979 -0.199517 0
4.636 -0.971406 -0.233575 0
4.676 -0.960437 -0.275146 0
4.726 -0.938404 -0.342777 0
4.766 -0.912355 -0.407041 0
4.807 -0.876471 -0.479434 0
4.847 -0.831788 -0.55334 0
4.897 -0.76283 -0.645109 0
4.937 -0.698947 -0.713849 0
4.987 -0.613048 -0.788886 0
5.047 -0.512584 -0.857639 0
5.087 -0.454959 -0.889578 0
5.127 -0.408743 -0.911763 0
5.177 -0.362478 -0.931152 0
5.217 -0.320807 -0.946314 0
5.257 -0.260302 -0.964695 0
5.307 -0.147929 -0.988142 0
5.347 -0.0286469 -0.998722 0
5.387 0.112029 -0.992815 0
5.437 0.306553 -0.950894 0
5.477 0.46539 -0.884062 0
5.518 0.61843 -0.784657 0
5.568 0.774258 -0.631397 0
5.608 0.865927 -0.498325 0
5.648 0.928291 -0.369392 0
5.688 0.96656 -0.252866 0
5.738 0.99048 -0.130832 0
5.778 0.997616 -0.053846 0
5.828 0.998902 0.0165369 0
5.868 0.99761 0.0528058 0
5.908 0.996377 0.0719115 0
5.948 0.99616 0.0742757 0
5.988 0.997072 0.0600651 0
6.038 0.998644 0.0189652 0
6.078 0.998261 -0.0324308 0
6.118 0.993807 -0.099386 0
6.158 0.982435 -0.179838 0
6.209 0.953643 -0.29689 0
6.249 0.917211 -0.395491 0
6.289 0.866976 -0.496195 0
6.339 0.783483 -0.619913 0
6.379 0.700061 -0.712969 0
6.419 0.603103 -0.796856 0
6.459 0.495516 -0.868039 0
6.509 0.35389 -0.934973 0
6.549 0.243772 -0.969671 0
6.589 0.146083 -0.989232 0
6.639 0.0557222 -0.998528 0
6.679 0.019699 -0.999941 0
6.719 0.0229076 -0.999898 0
6.769 0.0662486 -0.997902 0
6.809 0.0869543 -0.996259 0
6.849 0.0678975 -0.997639 0
6.89 0.00835441 -0.999797 0
6.94 -0.107145 -0.993895 0
6.98 -0.222387 -0.974451 0
7.02 -0.347602 -0.936945 0
7.07 -0.504648 -0.86233 0
7.11 -0.622076 -0.78166 0
7.15 -0.726887 -0.685075 0
7.19 -0.816085 -0.575729 0
7.24 -0.902951 -0.426521 0
7.28 -0.951548 -0.302811 0
7.32 -0.981737 -0.182455 0
7.36 -0.995868 -0.0731553 0
7.41 -0.997782 0.0397415 0
7.45 -0.992625 0.108989 0
7.5 -0.984016 0.170099 0
7.54 -0.978411 0.199877 0
7.581 -0.975513 0.213591 0
7.631 -0.976807 0.207565 0
7.671 -0.981443 0.184349 0
7.711 -0.988158 0.143998 0
7.761 -0.996267 0.0680243 0
7.801 -0.998491 -0.0142602 0
7.841 -0.991839 -0.116185 0
7.881 -0.970051 -0.23742 0
7.931 -0.909237 -0.413456 0
7.971 -0.821508 -0.568436 0
8.011 -0.688103 -0.724519 0
8.061 -0.459013 -0.887839 0
8.101 -0.251342 -0.967636 0
8.141 -0.047202 -0.998852 0
8.181 0.140423 -0.990225 0
8.231 0.340049 -0.940697 0
8.272 0.468317 -0.883928 0
8.312 0.559777 -0.829051 0
8.362 0.626867 -0.779557 0
8.402 0.643956 -0.76546 0
8.442 0.633251 -0.774284 0
8.482 0.610581 -0.792228 0
8.532 0.595699 -0.803377 0
8.572 0.602419 -0.798221 0
8.622 0.629141 -0.777136 0
8.662 0.659403 -0.751457 0
8.702 0.692953 -0.720452 0
8.752 0.734478 -0.67783 0
8.792 0.764494 -0.643596 0
8.832 0.790033 -0.611794 0
8.872 0.810263 -0.584566 0
8.922 0.827476 -0.559745 0
8.962 0.834528 -0.549038 0
9.003 0.835296 -0.547747 0
9.053 0.826663 -0.560562 0
9.093 0.811164 -0.582671 0
9.133 0.786607 -0.615336 0
9.173 0.751126 -0.658098 0
9.223 0.687734 -0.723997 0
9.263 0.618347 -0.784019 0
9.303 0.52929 -0.846628 0
9.353 0.387269 -0.920224 0
9.393 0.249017 -0.966791 0
9.433 0.0920566 -0.994057 0
9.483 -0.120341 -0.991003 0
9.523 -0.291715 -0.954714 0
9.573 -0.490423 -0.86955 0
9.613 -0.625704 -0.777948 0
9.664 -0.757867 -0.649981 0
9.704 -0.828537 -0.557153 0
9.744 -0.873266 -0.484052 0
9.794 -0.899729 -0.432818 0
9.844 -0.899547 -0.433021 0
9.884 -0.880018 -0.471287 0
9.924 -0.837378 -0.543337 0
9.964 -0.757987 -0.649502 0
10.014 -0.56742 -0.821291 0
10.054 -0.360794 -0.931048 0
10.094 -0.181914 -0.981689 0
10.144 -0.00733723 -0.99813 0
10.184 0.105839 -0.992373 0
10.234 0.225361 -0.97208 0
10.274 0.308473 -0.948938 0
10.314 0.383246 -0.921313 0
10.365 0.468371 -0.881263 0
10.405 0.527134 -0.847655 0
10.445 0.577971 -0.814155 0
10.495 0.628986 -0.775901 0
10.535 0.659342 -0.750702 0
10.585 0.684777 -0.728125 0
10.625 0.696026 -0.717802 0
10.665 0.70009 -0.714228 0
10.705 0.697761 -0.716847 0
10.755 0.68701 -0.727514 0
10.795 0.673125 -0.740607 0
10.845 0.650819 -0.760504 0
10.885 0.630659 -0.777437 0
10.935 0.605556 -0.797273 0
10.975 0.588463 -0.810048 0
11.015 0.577261 -0.81813 0
11.056 0.575699 -0.819281 0
11.106 0.594069 -0.806115 0
11.146 0.630077 -0.778316 0
11.186 0.683866 -0.731476 0
11.236 0.744229 -0.670008 0
11.276 0.760968 -0.650803 0
11.316 0.746646 -0.667128 0
11.366 0.686314 -0.729051 0
11.406 0.602542 -0.799722 0
11.456 0.451841 -0.893569 0
11.496 0.296426 -0.956387 0
11.546 0.0655105 -0.998976 0
11.586 -0.141965 -0.990787 0
11.636 -0.417754 -0.909108 0
11.676 -0.627598 -0.778622 0
11.716 -0.791252 -0.611075 0
11.767 -0.918749 -0.393247 0
11.807 -0.970784 -0.236439 0
11.847 -0.994376 -0.0963702 0
11.887 -0.99865 0.0256895 0
11.937 -0.987273 0.152561 0
11.977 -0.971255 0.233993 0
12.017 -0.953486 0.298521 0
12.067 -0.933266 0.357075 0
12.107 -0.921131 0.387562 0
12.157 -0.912971 0.406698 0
12.197 -0.912695 0.407517 0
12.247 -0.920111 0.390696 0
12.287 -0.931575 0.362648 0
12.327 -0.946789 0.320938 0
12.367 -0.964071 0.2646 0
12.417 -0.984863 0.17177 0
12.458 -0.996883 0.0753578 0
12.498 -0.99901 -0.0378087 0
12.548 -0.977992 -0.207413 0
12.588 -0.930624 -0.365348 0
12.638 -0.813703 -0.580936 0
12.678 -0.668754 -0.743311 0
12.718 -0.493926 -0.869511 0
12.768 -0.261488 -0.965389 0
12.808 -0.0780007 -0.997255 0
12.848 0.0942428 -0.995958 0
12.898 0.281412 -0.960117 0
12.938 0.399963 -0.917138 0
12.978 0.485369 -0.874985 0
13.018 0.534693 -0.845792 0
13.068 0.542308 -0.841043 0
13.108 0.508102 -0.862233 0
13.159 0.454266 -0.891921 0
13.199 0.437472 -0.900188 0
13.249 0.452926 -0.892326 0
13.289 0.486789 -0.874143 0
13.329 0.53254 -0.846862 0
13.369 0.584279 -0.811839 0
13.419 0.649975 -0.760028 0
13.459 0.698925 -0.715107 0
13.499 0.742091 -0.670067 0
13.549 0.786073 -0.617759 0
13.589 0.812798 -0.582093 0
13.639 0.835806 -0.548529 0
13.679 0.846222 -0.532337 0
13.719 0.849714 -0.526778 0
13.769 0.844098 -0.535772 0
13.809 0.830882 -0.556059 0
13.86 0.800783 -0.598565 0
13.9 0.764564 -0.644124 0
13.94 0.714719 -0.698926 0
13.98 0.648568 -0.760585 0
14.03 0.539014 -0.841592 0
14.07 0.42778 -0.90306 0
14.11 0.295768 -0.954312 0
14.16 0.106656 -0.99318 0
14.2 -0.0554979 -0.997207 0
14.25 -0.255354 -0.965412 0
14.29 -0.399518 -0.915131 0
14.34 -0.545067 -0.8366 0
14.38 -0.62769 -0.776489 0
14.42 -0.679241 -0.731772 0
14.46 -0.700812 -0.711078 0
14.51 -0.685274 -0.725984 0
14.561 -0.609827 -0.79039 0
14.601 -0.485589 -0.872245 0
14.641 -0.290709 -0.954706 0
14.681 -0.103426 -0.992835 0
14.731 0.0510741 -0.996642 0
14.771 0.126983 -0.989652 0
14.811 0.17152 -0.982747 0
14.861 0.190821 -0.979025 0
14.901 0.180698 -0.980874 0
14.951 0.13986 -0.987517 0
14.991 0.0882483 -0.993528 0
15.031 0.0245133 -0.997272 0
15.081 -0.0631484 -0.995824 0
15.121 -0.131378 -0.989402 0
15.161 -0.19071 -0.979999 0
15.201 -0.235676 -0.970488 0
15.252 -0.266157 -0.962983 0
15.292 -0.265924 -0.963335 0
15.342 -0.232199 -0.972324 0
15.382 -0.174393 -0.984537 0
15.422 -0.0822579 -0.996641 0
15.472 0.100881 -0.995184 0
15.512 0.311553 -0.950316 0
15.562 0.534169 -0.846598 0
15.602 0.629762 -0.777561 0
15.652 0.684683 -0.728931 0
15.692 0.691672 -0.721792 0
15.742 0.660047 -0.750347 0
15.782 0.602073 -0.797408 0
15.822 0.514155 -0.856669 0
15.862 0.397666 -0.916618 0
15.902 0.257508 -0.965543 0
15.953 0.057638 -0.997869 0
15.993 -0.103383 -0.994402 0
16.043 -0.294415 -0.955754 0
16.083 -0.430459 -0.902973 0
16.123 -0.547119 -0.837753 0
16.173 -0.66393 -0.749009 0
16.213 -0.735306 -0.679441 0
16.263 -0.800539 -0.6017 0
16.303 -0.836707 -0.55068 0
16.343 -0.861263 -0.51178 0
16.383 -0.876123 -0.486207 0
16.433 -0.882939 -0.473988 0
16.473 -0.879557 -0.480345 0
16.513 -0.867968 -0.500996 0
16.563 -0.840159 -0.546249 0
16.603 -0.804909 -0.596815 0
16.654 -0.738845 -0.676617 0
16.694 -0.666986 -0.747301 0
16.744 -0.548545 -0.837772 0
16.784 -0.429871 -0.904135 0
16.824 -0.291565 -0.957436 0
16.864 -0.138013 -0.990997 0
16.914 0.0647321 -0.998109 0
16.954 0.225349 -0.974219 0
16.994 0.375723 -0.926416 0
17.044 0.539869 -0.841115 0
17.084 0.647979 -0.760763 0
17.124 0.734758 -0.677167 0
17.174 0.815614 -0.577104 0
17.214 0.861502 -0.506005 0
17.264 0.900366 -0.433121 0
17.304 0.920029 -0.389702 0
17.345 0.93211 -0.360001 0
17.385 0.937493 -0.345931 0
17.435 0.936344 -0.349294 0
17.475 0.928976 -0.368648 0
17.515 0.914945 -0.402389 0
17.565 0.885746 -0.463301 0
17.605 0.850851 -0.524729 0
17.655 0.790253 -0.612255 0
17.695 0.727487 -0.685668 0
17.745 0.63255 -0.774108 0
17.785 0.545672 -0.837596 0
17.825 0.450949 -0.892141 0
17.875 0.322193 -0.946246 0
17.915 0.209338 -0.977393 0
17.955 0.0842522 -0.995969 0
17.995 -0.058658 -0.997778 0
18.046 -0.281155 -0.959211 0
18.086 -0.495039 -0.868218 0
18.126 -0.688152 -0.724871 0
18.176 -0.827984 -0.558878 0
18.216 -0.886273 -0.45983 0
18.266 -0.923185 -0.378778 0
18.306 -0.934607 -0.348444 0
18.356 -0.931768 -0.354754 0
18.396 -0.915242 -0.394801 0
18.436 -0.882567 -0.462919 0
18.476 -0.829176 -0.55279 0
18.516 -0.751083 -0.655065 0
18.566 -0.616234 -0.783573 0
18.606 -0.480473 -0.87382 0
18.656 -0.283975 -0.956522 0
18.696 -0.114522 -0.991753 0
18.737 0.0604362 -0.99713 0
18.787 0.26215 -0.964727 0
18.827 0.405828 -0.914233 0
18.877 0.556553 -0.831816 0
18.917 0.65259 -0.759263 0
18.957 0.727908 -0.68773 0
18.997 0.784859 -0.622155 0
19.047 0.83452 -0.553819 0
19.087 0.86029 -0.512744 0
19.127 0.875999 -0.485151 0
19.177 0.883642 -0.470609 0
19.217 0.880924 -0.475233 0
19.267 0.866102 -0.501184 0
19.307 0.843781 -0.53751 0
19.347 0.810166 -0.58662 0
19.387 0.762786 -0.646783 0
19.438 0.677957 -0.735033 0
19.488 0.563399 -0.826078 0
19.528 0.447342 -0.89432 0
19.578 0.272854 -0.962186 0
19.618 0.114021 -0.993818 0
19.668 -0.0979851 -0.995872 0
19.708 -0.267947 -0.964476 0
19.758 -0.465887 -0.886465 0
19.798 -0.602916 -0.800034 0
19.838 -0.715001 -0.702133 0
19.888 -0.816991 -0.580951 0
19.928 -0.869796 -0.49894 0
19.968 -0.901096 -0.440385 0
20.018 -0.916155 -0.408653 0
20.058 -0.911596 -0.418997 0
20.099 -0.890357 -0.462555 0
20.149 -0.83247 -0.560069 0
20.189 -0.743929 -0.673086 0
20.229 -0.589354 -0.811523 0
20.279 -0.324824 -0.948219 0
20.319 -0.139506 -0.991298 0
20.369 0.0433888 -0.998559 0
20.409 0.163803 -0.984849 0
20.449 0.268798 -0.960479 0
20.489 0.362665 -0.928208 0
20.539 0.468151 -0.87883 0
20.579 0.544265 -0.83333 0
20.619 0.612669 -0.784117 0
20.669 0.685561 -0.721204 0
20.709 0.732467 -0.673714 0
20.759 0.776325 -0.623181 0
20.8 0.800664 -0.592138 0
20.85 0.817596 -0.569273 0
20.89 0.821976 -0.563489 0
20.93 0.818653 -0.56878 0
20.97 0.807628 -0.584688 0
21.01 0.788558 -0.610396 0
21.06 0.752518 -0.654441 0
21.1 0.713157 -0.697128 0
21.15 0.650189 -0.756123 0
21.19 0.589136 -0.804513 0
21.23 0.519974 -0.85076 0
21.28 0.426187 -0.901317 0
21.32 0.350256 -0.933413 0
21.37 0.262951 -0.961676 0
21.41 0.206557 -0.975398 0
21.45 0.168911 -0.982712 0
21.491 0.156575 -0.984895 0
21.541 0.189293 -0.979385 0
21.581 0.264788 -0.961961 0
21.621 0.380359 -0.922543 0
21.671 0.495643 -0.866731 0
21.711 0.526531 -0.848275 0
21.761 0.502304 -0.862744 0
21.801 0.440295 -0.895939 0
21.851 0.315794 -0.947007 0
21.891 0.185376 -0.980978 0
21.931 0.0367449 -0.99779 0
21.971 -0.120008 -0.991408 0
22.021 -0.313402 -0.948493 0
22.061 -0.458148 -0.887955 0
22.101 -0.590124 -0.806624 0
22.151 -0.734863 -0.677885 0
22.192 -0.835293 -0.549869 0
22.232 -0.914057 -0.406244 0
22.282 -0.976803 -0.216571 0
22.322 -0.997444 -0.0807241 0
22.372 -0.999527 0.0519382 0
22.412 -0.992655 0.128914 0
22.452 -0.984293 0.182642 0
22.502 -0.976824 0.219613 0
22.542 -0.975488 0.225805 0
22.582 -0.978855 0.211003 0
22.622 -0.986052 0.174514 0
22.672 -0.996648 0.0973266 0
22.712 -1.00132 0.0102252 0
22.762 -0.993089 -0.128075 0
22.802 -0.967406 -0.258097 0
22.852 -0.901228 -0.43595 0
22.893 -0.811682 -0.585847 0
22.933 -0.687597 -0.727337 0
22.983 -0.469481 -0.883828 0
23.023 -0.230352 -0.973722 0
23.063 0.0575245 -0.998519 0
23.103 0.324923 -0.945752 0
23.153 0.578763 -0.8149 0
23.193 0.728039 -0.684334 0
23.233 0.838591 -0.542693 0
23.283 0.930266 -0.362918 0
23.323 0.972298 -0.226563 0
23.373 0.995198 -0.0768424 0
23.413 0.99785 0.0202525 0
23.463 0.992023 0.108895 0
23.503 0.986188 0.152764 0
23.553 0.982586 0.174367 0
23.594 0.984175 0.165173 0
23.634 0.98907 0.132823 0
23.674 0.995035 0.0763939 0
23.724 0.997509 -0.0312243 0
23.764 0.986791 -0.149367 0
23.804 0.954715 -0.290995 0
23.854 0.87948 -0.472202 0
23.894 0.797143 -0.60106 0
23.934 0.699709 -0.712328 0
23.984 0.558003 -0.828287 0
24.024 0.428594 -0.902284 0
24.074 0.24799 -0.967887 0
24.114 0.0921871 -0.995092 0
24.154 -0.0669194 -0.997299 0
24.204 -0.256219 -0.966355 0
24.244 -0.387459 -0.921746 0
24.285 -0.493703 -0.86958 0
24.335 -0.57712 -0.816676 0
24.375 -0.604484 -0.796609 0
24.415 -0.593154 -0.805021 0
24.465 -0.509467 -0.860369 0
24.505 -0.381277 -0.924098 0
24.555 -0.232073 -0.97262 0
24.595 -0.165328 -0.985943 0
24.635 -0.137558 -0.989981 0
24.685 -0.144895 -0.988654 0
24.725 -0.177048 -0.983188 0
24.775 -0.24168 -0.969064 0
24.815 -0.306779 -0.950276 0
24.855 -0.378336 -0.923957 0
24.895 -0.451687 -0.890267 0
24.935 -0.522907 -0.850292 0
24.986 -0.606087 -0.793086 0
25.026 -0.66314 -0.746037 0
25.076 -0.722971 -0.688275 0
25.116 -0.761394 -0.645604 0
25.166 -0.797667 -0.600366 0
25.206 -0.817217 -0.573607 0
25.256 -0.82927 -0.556208 0
25.296 -0.828168 -0.557956 0
25.336 -0.81638 -0.575142 0
25.386 -0.784236 -0.618302 0
25.426 -0.741741 -0.668701 0
25.466 -0.680402 -0.731021 0
25.506 -0.594328 -0.802564 0
25.556 -0.435905 -0.898567 0
25.596 -0.243919 -0.968525 0
25.636 0.021884 -0.998161 0
25.687 0.325061 -0.945217 0
25.727 0.48135 -0.875689 0
25.777 0.615503 -0.786701 0
25.817 0.690499 -0.721361 0
25.857 0.744755 -0.66479 0
25.907 0.789949 -0.609936 0
25.947 0.811403 -0.580806 0
25.987 0.821864 -0.565727 0
26.037 0.821523 -0.566169 0
26.077 0.811649 -0.580326 0
26.117 0.793816 -0.604684 0
26.167 0.760512 -0.646421 0
26.207 0.724856 -0.686509 0
26.257 0.668633 -0.741848 0
26.297 0.61434 -0.787791 0
26.337 0.552379 -0.832799 0
26.388 0.464622 -0.885235 0
26.428 0.392132 -0.919988 0
26.468 0.320457 -0.947646 0
26.518 0.239052 -0.971706 0
26.558 0.186656 -0.983321 0
26.598 0.151164 -0.98956 0
26.638 0.137787 -0.991635 0
26.688 0.161146 -0.988242 0
26.728 0.221624 -0.976559 0
26.778 0.362606 -0.933528 0
26.818 0.490723 -0.873141 0
26.868 0.579751 -0.81681 0
26.908 0.594157 -0.806354 0
26.948 0.569274 -0.824077 0
26.998 0.488816 -0.874116 0
27.038 0.387993 -0.923199 0
27.079 0.256277 -0.967911 0
27.119 0.108341 -0.995178 0
27.169 -0.0881546 -0.996849 0
27.209 -0.243264 -0.970428 0
27.259 -0.423922 -0.90581 0
27.299 -0.553963 -0.832341 0
27.339 -0.670087 -0.741737 0
27.389 -0.795592 -0.604769 0
27.429 -0.879042 -0.475097 0
27.479 -0.955037 -0.293419 0
27.519 -0.987372 -0.152739 0
27.569 -0.999142 -0.0109843 0
27.609 -0.996763 0.0709689 0
27.649 -0.991249 0.127258 0
27.689 -0.986616 0.159871 0
27.739 -0.985263 0.168709 0
27.78 -0.988447 0.149473 0
27.82 -0.993986 0.107171 0
27.87 -0.999567 0.0211066 0
27.91 -0.997091 -0.0735232 0
27.96 -0.975262 -0.220011 0
28 -0.93493 -0.354068 0
28.04 -0.867903 -0.49608 0
28.09 -0.738909 -0.673223 0
28.13 -0.592986 -0.804654 0
28.18 -0.343537 -0.938646 0
28.22 -0.0796718 -0.996204 0
28.26 0.20637 -0.977718 0
28.3 0.446688 -0.893733 0
28.35 0.667879 -0.742745 0
28.39 0.794938 -0.604535 0
28.43 0.885852 -0.460802 0
28.481 0.957797 -0.281662 0
28.521 0.986425 -0.153058 0
28.571 0.997972 -0.01632 0
28.611 0.995603 0.0694743 0
28.651 0.989123 0.132521 0
28.701 0.981694 0.179164 0
28.741 0.979355 0.191415 0
28.781 0.981147 0.181984 0
28.821 0.986421 0.150904 0
28.871 0.994715 0.0803277 0
28.911 0.998028 -0.00380854 0
28.961 0.9873 -0.147099 0
29.001 0.955693 -0.28877 0
29.041 0.897685 -0.437442 0
29.091 0.79424 -0.605849 0
29.131 0.692889 -0.719925 0
29.172 0.573989 -0.818199 0
29.222 0.409376 -0.912105 0
29.262 0.263926 -0.964531 0
29.302 0.110135 -0.994106 0
29.342 -0.0454631 -0.999318 0
29.392 -0.228654 -0.974024 0
29.432 -0.354224 -0.935775 0
29.482 -0.471891 -0.882367 0
29.522 -0.528672 -0.849543 0
29.572 -0.547346 -0.837574 0
29.612 -0.51276 -0.859095 0
29.652 -0.422938 -0.906552 0
29.692 -0.299533 -0.954298 0
29.742 -0.188996 -0.981985 0
29.782 -0.15139 -0.98821 0
29.833 -0.153321 -0.98755 0
29.873 -0.184602 -0.981908 0
29.913 -0.235323 -0.970735 0
29.963 -0.317142 -0.94685 0
30.003 -0.390343 -0.918874 0
30.043 -0.464713 -0.883405 0
30.093 -0.552814 -0.830934 0
30.133 -0.615742 -0.785338 0
30.173 -0.670081 -0.739457 0
30.223 -0.724993 -0.685687 0
30.263 -0.758636 -0.648289 0
30.313 -0.788642 -0.611487 0
30.353 -0.80371 -0.591591 0
30.393 -0.811313 -0.581161 0
30.433 -0.811629 -0.580742 0
30.483 -0.801569 -0.594543 0
30.523 -0.784656 -0.616655 0
30.574 -0.750708 -0.657486 0
30.614 -0.713665 -0.697449 0
30.654 -0.666832 -0.74228 0
30.694 -0.609395 -0.790051 0
30.744 -0.520504 -0.85119 0
30.784 -0.432688 -0.898999 0
30.824 -0.325527 -0.943124 0
30.874 -0.153191 -0.986004 0
30.914 0.031394 -0.997497 0
30.964 0.336773 -0.939282 0
31.004 0.552149 -0.831854 0
31.044 0.687998 -0.723473 0
31.094 0.788123 -0.61258 0
31.134 0.834298 -0.547771 0
31.174 0.859936 -0.506313 0
31.225 0.869375 -0.48968 0
31.265 0.860204 -0.505531 0
31.305 0.835824 -0.544925 0
31.355 0.781627 -0.620355 0
31.395 0.717724 -0.693577 0
31.445 0.611757 -0.789101 0
31.485 0.507386 -0.860404 0
31.525 0.388076 -0.92092 0
31.575 0.223587 -0.974714 0
31.615 0.0859826 -0.996901 0
31.665 -0.0827834 -0.997873 0
31.705 -0.206244 -0.980341 0
31.745 -0.311794 -0.952485 0
31.795 -0.410327 -0.914811 0
31.835 -0.458515 -0.891867 0
31.875 -0.477696 -0.881896 0
31.916 -0.465417 -0.888543 0
31.966 -0.399704 -0.920094 0
32.006 -0.293301 -0.959432 0
32.046 -0.116726 -0.99652 0
32.096 0.146399 -0.99239 0
32.136 0.29052 -0.959001 0
32.186 0.389687 -0.92167 0
32.226 0.423803 -0.905414 0
32.276 0.421555 -0.905318 0
32.316 0.387315 -0.919761 0
32.356 0.326065 -0.942653 0
32.406 0.215403 -0.973409 0
32.446 0.104963 -0.991163 0
32.486 -0.0183124 -0.996402 0
32.526 -0.147487 -0.985583 0
32.576 -0.307069 -0.948241 0
32.617 -0.428978 -0.899992 0
32.667 -0.558957 -0.826159 0
32.707 -0.643942 -0.762379 0
32.747 -0.709718 -0.702217 0
32.797 -0.763964 -0.64358 0
32.837 -0.785579 -0.617474 0
32.877 -0.788593 -0.613863 0
32.927 -0.765536 -0.642367 0
32.967 -0.722257 -0.690452 0
33.007 -0.649702 -0.758801 0
33.047 -0.533991 -0.84389 0
33.097 -0.289456 -0.955391 0
33.137 -0.0411526 -0.997054 0
33.187 0.196651 -0.977499 0
33.227 0.328275 -0.940824 0
33.277 0.446297 -0.890125 0
33.318 0.515552 -0.851328 0
33.358 0.564597 -0.8192 0
33.398 0.598317 -0.794645 0
33.448 0.621961 -0.776228 0
33.488 0.628024 -0.771522 0
33.528 0.624298 -0.774927 0
33.578 0.608083 -0.788426 0
33.618 0.587433 -0.804635 0
33.668 0.553822 -0.829108 0
33.708 0.521972 -0.850339 0
33.748 0.487037 -0.871632 0
33.798 0.441475 -0.896537 0
33.838 0.406032 -0.913847 0
33.878 0.374244 -0.927961 0
33.918 0.349089 -0.93828 0
33.968 0.3321 -0.945034 0
34.009 0.335009 -0.944431 0
34.049 0.357491 -0.936522 0
34.099 0.421916 -0.909778 0
34.139 0.509632 -0.864062 0
34.189 0.639347 -0.773244 0
34.229 0.706598 -0.712602 0
34.279 0.730363 -0.68851 0
34.319 0.711172 -0.708578 0
34.359 0.660892 -0.755918 0
34.399 0.579293 -0.820262 0
34.449 0.434566 -0.905255 0
34.489 0.28963 -0.961284 0
34.529 0.126564 -0.995602 0
34.579 -0.0904528 -0.998881 0
34.619 -0.266613 -0.966205 0
34.669 -0.483202 -0.877099 0
34.71 -0.653249 -0.757885 0
34.75 -0.801155 -0.597978 0
34.8 -0.927401 -0.371394 0
34.84 -0.976661 -0.207853 0
34.88 -0.995735 -0.0704004 0
34.93 -0.99571 0.0674313 0
34.97 -0.986041 0.153451 0
35.01 -0.973391 0.219786 0
35.05 -0.96142 0.267469 0
35.1 -0.951398 0.301517 0
35.14 -0.949372 0.308201 0
35.19 -0.955279 0.289936 0
35.23 -0.965863 0.252985 0
35.28 -0.982677 0.177621 0
35.32 -0.994282 0.0938817 0
35.36 -0.998733 -0.00942059 0
35.411 -0.985156 -0.164647 0
35.451 -0.953077 -0.298799 0
35.501 -0.880357 -0.47175 0
35.541 -0.793324 -0.606745 0
35.581 -0.678653 -0.732713 0
35.621 -0.533146 -0.844495 0
35.671 -0.296761 -0.953692 0
35.711 -0.0478973 -0.997723 0
35.751 0.241606 -0.969033 0
35.801 0.537959 -0.842067 0
35.841 0.699201 -0.713889 0
35.891 0.837871 -0.544487 0
35.931 0.912217 -0.407843 0
35.971 0.960939 -0.273905 0
36.021 0.992506 -0.115206 0
36.061 0.999131 0.000926615 0
36.102 0.993367 0.106831 0
36.142 0.9798 0.195253 0
36.192 0.958037 0.283299 0
36.232 0.941101 0.335289 0
36.282 0.925007 0.377482 0
36.322 0.91836 0.393463 0
36.372 0.919156 0.391766 0
36.412 0.926906 0.373245 0
36.452 0.939914 0.33941 0
36.492 0.956396 0.290081 0
36.542 0.97803 0.206379 0
36.582 0.992256 0.121787 0
36.622 0.99961 0.0218278 0
36.672 0.992353 -0.123789 0
36.712 0.966953 -0.255751 0
36.752 0.916766 -0.400326 0
36.803 0.800299 -0.600575 0
36.843 0.645978 -0.764261 0
36.893 0.354739 -0.935152 0
36.933 0.101098 -0.99497 0
36.973 -0.123879 -0.992074 0
37.013 -0.320717 -0.946601 0
37.063 -0.531919 -0.845697 0
37.103 -0.672673 -0.738353 0
37.143 -0.786184 -0.615804 0
37.193 -0.88811 -0.456437 0
37.233 -0.939799 -0.337364 0
37.283 -0.975136 -0.215034 0
37.323 -0.987795 -0.146558 0
37.373 -0.993272 -0.103499 0
37.413 -0.993115 -0.104959 0
37.453 -0.988787 -0.13967 0
37.494 -0.97572 -0.212127 0
37.544 -0.933097 -0.354976 0
37.584 -0.864066 -0.499611 0
37.624 -0.771888 -0.632615 0
37.674 -0.649273 -0.757754 0
37.714 -0.550005 -0.832543 0
37.754 -0.447777 -0.891686 0
37.804 -0.311646 -0.947925 0
37.844 -0.192907 -0.97909 0
37.894 -0.0293542 -0.997625 0
37.934 0.113406 -0.991746 0
37.974 0.263534 -0.962979 0
38.024 0.451821 -0.890573 0
38.064 0.592588 -0.804056 0
38.104 0.715492 -0.69722 0
38.144 0.814655 -0.578546 0
38.195 0.903657 -0.42677 0
38.235 0.946682 -0.320481 0
38.285 0.975555 -0.217641 0
38.325 0.98567 -0.166062 0
38.375 0.989162 -0.143832 0
38.415 0.986642 -0.160149 0
38.455 0.978033 -0.206278 0
38.505 0.951624 -0.305873 0
38.545 0.90679 -0.420711 0
38.585 0.822065 -0.568978 0
38.625 0.674353 -0.738119 0
38.675 0.442712 -0.897238 0
38.715 0.271204 -0.96298 0
38.755 0.114236 -0.993798 0
38.805 -0.0700048 -0.997739 0
38.845 -0.212383 -0.977262 0
38.896 -0.389563 -0.920921 0
38.936 -0.52318 -0.852021 0
38.986 -0.676671 -0.73592 0
39.026 -0.781943 -0.622846 0
39.066 -0.866588 -0.498374 0
39.106 -0.92852 -0.370484 0
39.146 -0.968657 -0.247469 0
39.196 -0.993648 -0.111638 0
39.236 -0.999736 -0.0240125 0
39.286 -0.998752 0.05367 0
39.326 -0.996393 0.0885111 0
39.376 -0.995664 0.0976807 0
39.416 -0.997457 0.0781815 0
39.456 -0.999926 0.0355585 0
39.506 -0.999334 -0.0496753 0
