0 0 0 0
0.03 3.79687e-013 -8.53964e-017 0
0.08 -5.5765e-010 5.59559e-012 0
0.12 -9.78594e-010 2.01665e-011 0
0.16 -1.60023e-009 5.43006e-011 0
0.211 -4.70872e-009 2.25888e-010 0
0.261 -8.05669e-009 5.82681e-010 0
0.301 -8.78597e-009 9.25762e-010 0
0.341 -9.68736e-009 1.40042e-009 0
0.391 -1.47914e-008 2.69124e-009 0
0.431 -1.55546e-008 3.88212e-009 0
0.471 -1.64127e-008 5.46191e-009 0
0.521 -2.24063e-008 9.25772e-009 0
0.561 -2.23991e-008 1.27824e-008 0
0.601 -2.2106e-008 1.72476e-008 0
0.641 -2.11988e-008 2.2857e-008 0
0.691 -2.37111e-008 3.37158e-008 0
0.731 -1.79992e-008 4.31037e-008 0
0.771 -1.06447e-008 5.37451e-008 0
0.811 -1.38632e-009 6.53635e-008 0
0.851 9.81727e-009 7.76551e-008 0
0.902 2.2203e-008 9.58224e-008 0
0.942 4.1097e-008 1.07756e-007 0
0.992 6.29005e-008 1.24247e-007 0
1.032 8.67938e-008 1.3519e-007 0
1.072 1.10835e-007 1.46078e-007 0
1.122 1.38867e-007 1.60318e-007 0
1.162 1.64498e-007 1.70204e-007 0
1.212 1.94989e-007 1.82458e-007 0
1.252 2.20149e-007 1.91765e-007 0
1.292 2.44335e-007 2.00807e-007 0
1.332 2.67513e-007 2.09553e-007 0
1.382 2.97025e-007 2.17974e-007 0
1.422 3.17959e-007 2.26156e-007 0
1.462 3.38014e-007 2.33992e-007 0
1.512 3.65561e-007 2.38559e-007 0
1.552 3.84429e-007 2.46666e-007 0
1.593 4.03438e-007 2.54341e-007 0
1.633 4.21314e-007 2.62224e-007 0
1.683 4.47944e-007 2.6262e-007 0
1.723 4.65912e-007 2.73746e-007 0
1.763 4.83617e-007 2.85022e-007 0
1.813 5.10272e-007 2.86331e-007 0
1.853 5.28243e-007 3.02435e-007 0
1.893 5.45894e-007 3.18863e-007 0
1.933 5.63135e-007 3.3577e-007 0
1.983 5.87788e-007 3.41984e-007 0
2.023 6.04425e-007 3.64583e-007 0
2.063 6.20182e-007 3.88187e-007 0
2.113 6.40688e-007 4.06908e-007 0
2.153 6.54204e-007 4.37144e-007 0
2.203 6.70098e-007 4.71567e-007 0
2.243 6.80455e-007 5.08231e-007 0
2.294 6.91468e-007 5.61294e-007 0
2.334 6.98874e-007 6.02507e-007 0
2.374 7.05091e-007 6.46079e-007 0
2.424 7.11419e-007 7.17526e-007 0
2.464 7.17032e-007 7.6578e-007 0
2.504 7.21781e-007 8.15921e-007 0
2.544 7.25687e-007 8.67936e-007 0
2.594 7.32061e-007 9.5632e-007 0
2.634 7.37797e-007 1.01674e-006 0
2.674 7.42306e-007 1.07818e-006 0
2.714 7.45541e-007 1.14039e-006 0
2.754 7.475e-007 1.2031e-006 0
2.804 7.54136e-007 1.30134e-006 0
2.844 7.5113e-007 1.367e-006 0
2.894 7.52475e-007 1.46563e-006 0
2.934 7.4547e-007 1.53006e-006 0
2.985 7.43253e-007 1.62758e-006 0
3.025 7.34436e-007 1.68978e-006 0
3.065 7.25762e-007 1.75167e-006 0
3.115 7.20339e-007 1.83686e-006 0
3.155 7.12465e-007 1.89756e-006 0
3.205 7.06938e-007 1.97739e-006 0
3.245 7.01118e-007 2.03734e-006 0
3.285 6.96446e-007 2.09678e-006 0
3.325 6.93055e-007 2.15558e-006 0
3.365 6.91073e-007 2.21364e-006 0
3.415 6.87932e-007 2.28191e-006 0
3.455 6.90435e-007 2.33826e-006 0
3.505 6.90829e-007 2.40242e-006 0
3.545 6.99105e-007 2.4567e-006 0
3.585 7.09686e-007 2.50986e-006 0
3.625 7.22749e-007 2.56186e-006 0
3.666 7.38412e-007 2.61366e-006 0
3.716 7.54071e-007 2.67101e-006 0
3.756 7.78591e-007 2.71977e-006 0
3.806 8.05413e-007 2.77522e-006 0
3.846 8.3849e-007 2.82135e-006 0
3.886 8.74208e-007 2.86573e-006 0
3.926 9.12478e-007 2.90827e-006 0
3.976 9.57596e-007 2.95705e-006 0
4.026 1.00882e-006 3.00371e-006 0
4.066 1.05791e-006 3.04012e-006 0
4.106 1.10884e-006 3.07431e-006 0
4.146 1.16148e-006 3.10626e-006 0
4.196 1.22585e-006 3.14254e-006 0
4.236 1.28265e-006 3.16958e-006 0
4.276 1.34072e-006 3.19434e-006 0
4.316 1.39998e-006 3.21685e-006 0
4.357 1.46171e-006 3.2376e-006 0
4.407 1.53685e-006 3.25964e-006 0
4.447 1.59957e-006 3.27495e-006 0
4.497 1.67808e-006 3.29101e-006 0
4.537 1.74256e-006 3.30156e-006 0
4.587 1.82372e-006 3.31185e-006 0
4.627 1.88949e-006 3.31785e-006 0
4.667 1.95572e-006 3.32191e-006 0
4.717 2.03982e-006 3.32437e-006 0
4.757 2.10681e-006 3.32423e-006 0
4.807 2.1925e-006 3.32171e-006 0
4.847 2.26004e-006 3.31764e-006 0
4.887 2.32785e-006 3.31189e-006 0
4.947 2.43909e-006 3.30179e-006 0
4.997 2.52736e-006 3.29038e-006 0
5.037 2.59546e-006 3.27908e-006 0
5.088 2.68772e-006 3.2638e-006 0
5.128 2.75633e-006 3.24929e-006 0
5.168 2.82525e-006 3.23347e-006 0
5.218 2.91751e-006 3.21365e-006 0
5.258 2.98697e-006 3.19486e-006 0
5.298 3.05665e-006 3.17488e-006 0
5.348 3.15076e-006 3.15085e-006 0
5.388 3.22068e-006 3.12798e-006 0
5.428 3.29059e-006 3.10401e-006 0
5.468 3.36037e-006 3.07898e-006 0
5.518 3.454e-006 3.04948e-006 0
5.558 3.52272e-006 3.02162e-006 0
5.608 3.61397e-006 2.98872e-006 0
5.648 3.68107e-006 2.95824e-006 0
5.688 3.7476e-006 2.92696e-006 0
5.728 3.81349e-006 2.89492e-006 0
5.769 3.88051e-006 2.86149e-006 0
5.819 3.96381e-006 2.82169e-006 0
5.859 4.02685e-006 2.78723e-006 0
5.909 4.10587e-006 2.74454e-006 0
5.949 4.16681e-006 2.70893e-006 0
5.989 4.22682e-006 2.67299e-006 0
6.029 4.28584e-006 2.63676e-006 0
6.079 4.35651e-006 2.58921e-006 0
6.119 4.41317e-006 2.55271e-006 0
6.159 4.46863e-006 2.51606e-006 0
6.209 4.53241e-006 2.46485e-006 0
6.249 4.5851e-006 2.42845e-006 0
6.289 4.6364e-006 2.39199e-006 0
6.329 4.68628e-006 2.3555e-006 0
6.379 4.74081e-006 2.2993e-006 0
6.419 4.78745e-006 2.26368e-006 0
6.46 4.83332e-006 2.22647e-006 0
6.51 4.88138e-006 2.1673e-006 0
6.55 4.92319e-006 2.1332e-006 0
6.59 4.96353e-006 2.09935e-006 0
6.63 5.00241e-006 2.06583e-006 0
6.68 5.0438e-006 2.00457e-006 0
6.72 5.07983e-006 1.9734e-006 0
6.76 5.1145e-006 1.94295e-006 0
6.81 5.15241e-006 1.88539e-006 0
6.85 5.18471e-006 1.86115e-006 0
6.9 5.22116e-006 1.81703e-006 0
6.94 5.25139e-006 1.80597e-006 0
6.99 5.28662e-006 1.79089e-006 0
7.03 5.31442e-006 1.79616e-006 0
7.07 5.34083e-006 1.80726e-006 0
7.11 5.36575e-006 1.82303e-006 0
7.151 5.38973e-006 1.84399e-006 0
7.201 5.41784e-006 1.89032e-006 0
7.241 5.43731e-006 1.91384e-006 0
7.291 5.46031e-006 1.96904e-006 0
7.331 5.47642e-006 1.99955e-006 0
7.371 5.49064e-006 2.03391e-006 0
7.421 5.50521e-006 2.1028e-006 0
7.461 5.51638e-006 2.14573e-006 0
7.501 5.52527e-006 2.19246e-006 0
7.541 5.53178e-006 2.24287e-006 0
7.591 5.53345e-006 2.32744e-006 0
7.631 5.53618e-006 2.38516e-006 0
7.671 5.53609e-006 2.44614e-006 0
7.721 5.52753e-006 2.5392e-006 0
7.761 5.52248e-006 2.60624e-006 0
7.801 5.51418e-006 2.67611e-006 0
7.842 5.50193e-006 2.751e-006 0
7.892 5.47806e-006 2.85235e-006 0
7.932 5.45971e-006 2.93001e-006 0
7.972 5.43763e-006 3.00999e-006 0
8.022 5.40138e-006 3.11659e-006 0
8.062 5.37116e-006 3.20127e-006 0
8.112 5.32581e-006 3.31138e-006 0
8.152 5.28646e-006 3.40041e-006 0
8.192 5.24298e-006 3.49103e-006 0
8.232 5.19537e-006 3.58306e-006 0
8.272 5.14364e-006 3.67634e-006 0
8.322 5.07636e-006 3.7932e-006 0
8.362 5.01481e-006 3.88886e-006 0
8.412 4.93809e-006 4.00794e-006 0
8.452 4.86773e-006 4.10471e-006 0
8.492 4.79374e-006 4.2017e-006 0
8.533 4.71471e-006 4.30113e-006 0
8.573 4.63356e-006 4.39802e-006 0
8.623 4.53585e-006 4.51887e-006 0
8.663 4.44695e-006 4.61463e-006 0
8.713 4.33898e-006 4.73434e-006 0
8.753 4.2417e-006 4.82829e-006 0
8.793 4.14071e-006 4.92137e-006 0
8.833 4.03609e-006 5.01348e-006 0
8.873 3.92795e-006 5.10451e-006 0
8.923 3.79385e-006 5.21817e-006 0
8.963 3.67781e-006 5.30617e-006 0
9.013 3.53321e-006 5.41578e-006 0
9.053 3.41013e-006 5.50048e-006 0
9.093 3.28438e-006 5.58375e-006 0
9.143 3.12691e-006 5.68696e-006 0
9.183 2.99533e-006 5.76662e-006 0
9.224 2.85832e-006 5.84669e-006 0
9.264 2.7224e-006 5.92309e-006 0
9.314 2.55154e-006 6.01694e-006 0
9.354 2.41118e-006 6.08934e-006 0
9.404 2.2345e-006 6.17778e-006 0
9.444 2.09036e-006 6.24598e-006 0
9.484 1.94477e-006 6.31226e-006 0
9.524 1.79782e-006 6.37657e-006 0
9.564 1.64962e-006 6.43886e-006 0
9.614 1.46254e-006 6.51369e-006 0
9.654 1.3119e-006 6.57126e-006 0
9.704 1.12147e-006 6.6398e-006 0
9.754 9.29528e-007 6.7048e-006 0
9.794 7.76185e-007 6.75463e-006 0
9.834 6.22151e-007 6.80209e-006 0
9.884 4.26657e-007 6.85746e-006 0
9.925 2.67677e-007 6.90065e-006 0
9.965 1.12282e-007 6.94033e-006 0
10.015 -8.58243e-008 6.98588e-006 0
10.055 -2.41453e-007 7.02021e-006 0
10.105 -4.40725e-007 7.0593e-006 0
10.145 -5.96212e-007 7.08832e-006 0
10.195 -7.96401e-007 7.12131e-006 0
10.235 -9.51448e-007 7.14515e-006 0
10.275 -1.10666e-006 7.16653e-006 0
10.325 -1.30845e-006 7.19154e-006 0
10.365 -1.46294e-006 7.20813e-006 0
10.415 -1.66551e-006 7.22894e-006 0
10.455 -1.81953e-006 7.24109e-006 0
10.495 -1.97388e-006 7.2511e-006 0
10.535 -2.12857e-006 7.25905e-006 0
10.585 -2.33446e-006 7.27389e-006 0
10.626 -2.49525e-006 7.2785e-006 0
10.666 -2.65209e-006 7.28049e-006 0
10.716 -2.86094e-006 7.29069e-006 0
10.756 -3.02071e-006 7.28808e-006 0
10.806 -3.22995e-006 7.29119e-006 0
10.846 -3.39006e-006 7.28203e-006 0
10.886 -3.5492e-006 7.26975e-006 0
10.936 -3.74921e-006 7.25351e-006 0
10.976 -3.90414e-006 7.23229e-006 0
11.026 -4.09479e-006 7.2001e-006 0
11.066 -4.24606e-006 7.17202e-006 0
11.116 -4.42996e-006 7.12779e-006 0
11.156 -4.57849e-006 7.09618e-006 0
11.196 -4.72586e-006 7.06354e-006 0
11.236 -4.87194e-006 7.03011e-006 0
11.286 -5.04749e-006 6.97354e-006 0
11.327 -5.19294e-006 6.93849e-006 0
11.367 -5.33315e-006 6.90493e-006 0
11.417 -5.50138e-006 6.84387e-006 0
11.457 -5.63592e-006 6.81131e-006 0
11.507 -5.79786e-006 6.74905e-006 0
11.547 -5.92573e-006 6.71781e-006 0
11.597 -6.08071e-006 6.65549e-006 0
11.637 -6.20126e-006 6.62587e-006 0
11.677 -6.31868e-006 6.59646e-006 0
11.717 -6.43288e-006 6.56737e-006 0
11.767 -6.57396e-006 6.50736e-006 0
11.807 -6.68018e-006 6.481e-006 0
11.847 -6.78287e-006 6.45552e-006 0
11.897 -6.9107e-006 6.40459e-006 0
11.937 -7.00376e-006 6.38642e-006 0
11.987 -7.11798e-006 6.35325e-006 0
12.028 -7.20119e-006 6.34768e-006 0
12.068 -7.27687e-006 6.34787e-006 0
12.118 -7.36414e-006 6.35458e-006 0
12.158 -7.42865e-006 6.3635e-006 0
12.208 -7.4994e-006 6.38875e-006 0
12.248 -7.55492e-006 6.40009e-006 0
12.288 -7.60618e-006 6.41349e-006 0
12.328 -7.65318e-006 6.4289e-006 0
12.378 -7.70022e-006 6.4663e-006 0
12.418 -7.73812e-006 6.48524e-006 0
12.458 -7.7716e-006 6.50642e-006 0
12.508 -7.80153e-006 6.54891e-006 0
12.548 -7.82556e-006 6.57455e-006 0
12.598 -7.84381e-006 6.6203e-006 0
12.638 -7.85829e-006 6.65038e-006 0
12.678 -7.86817e-006 6.68257e-006 0
12.729 -7.86871e-006 6.73481e-006 0
12.769 -7.8691e-006 6.77074e-006 0
12.819 -7.85925e-006 6.82322e-006 0
12.859 -7.85014e-006 6.86249e-006 0
12.909 -7.82942e-006 6.91706e-006 0
12.949 -7.81088e-006 6.95923e-006 0
12.989 -7.78793e-006 7.00274e-006 0
13.039 -7.75166e-006 7.06018e-006 0
13.079 -7.71954e-006 7.10594e-006 0
13.119 -7.68323e-006 7.15269e-006 0
13.169 -7.63207e-006 7.21253e-006 0
13.209 -7.58698e-006 7.26092e-006 0
13.249 -7.53798e-006 7.30998e-006 0
13.299 -7.47262e-006 7.37171e-006 0
13.339 -7.41537e-006 7.42182e-006 0
13.379 -7.35456e-006 7.47233e-006 0
13.43 -7.27447e-006 7.53648e-006 0
13.47 -7.206e-006 7.58749e-006 0
13.52 -7.11842e-006 7.65088e-006 0
13.56 -7.0429e-006 7.70206e-006 0
13.6 -6.96443e-006 7.75325e-006 0
13.64 -6.88314e-006 7.8044e-006 0
13.69 -6.78041e-006 7.86783e-006 0
13.73 -6.69311e-006 7.91864e-006 0
13.77 -6.60334e-006 7.96926e-006 0
13.82 -6.49023e-006 8.03201e-006 0
13.86 -6.39521e-006 8.08201e-006 0
13.91 -6.27549e-006 8.14398e-006 0
13.95 -6.17572e-006 8.19323e-006 0
14 -6.04987e-006 8.25425e-006 0
14.04 -5.94581e-006 8.30264e-006 0
14.08 -5.83999e-006 8.35065e-006 0
14.131 -5.70356e-006 8.41124e-006 0
14.171 -5.594e-006 8.45826e-006 0
14.211 -5.48294e-006 8.50484e-006 0
14.261 -5.34198e-006 8.56241e-006 0
14.301 -5.22775e-006 8.60793e-006 0
14.341 -5.11222e-006 8.65295e-006 0
14.381 -4.99545e-006 8.69746e-006 0
14.431 -4.84665e-006 8.75242e-006 0
14.471 -4.72732e-006 8.79574e-006 0
14.521 -4.57503e-006 8.84927e-006 0
14.561 -4.45341e-006 8.89131e-006 0
14.611 -4.29807e-006 8.94332e-006 0
14.651 -4.17443e-006 8.98399e-006 0
14.691 -4.04992e-006 9.02398e-006 0
14.731 -3.92458e-006 9.06327e-006 0
14.782 -3.76104e-006 9.1131e-006 0
14.822 -3.63407e-006 9.15074e-006 0
14.872 -3.47223e-006 9.19754e-006 0
14.912 -3.34379e-006 9.23337e-006 0
14.952 -3.21473e-006 9.2683e-006 0
15.002 -3.05089e-006 9.31169e-006 0
15.042 -2.92055e-006 9.3445e-006 0
15.092 -2.75573e-006 9.38504e-006 0
15.132 -2.62421e-006 9.41551e-006 0
15.172 -2.49223e-006 9.44482e-006 0
15.222 -2.32655e-006 9.48026e-006 0
15.262 -2.19353e-006 9.50691e-006 0
15.312 -2.02754e-006 9.53809e-006 0
15.352 -1.8936e-006 9.56189e-006 0
15.402 -1.72753e-006 9.58817e-006 0
15.442 -1.5928e-006 9.60895e-006 0
15.483 -1.45462e-006 9.62849e-006 0
15.523 -1.3194e-006 9.64616e-006 0
15.573 -1.15381e-006 9.66114e-006 0
15.613 -1.01806e-006 9.67577e-006 0
15.653 -8.82157e-007 9.68875e-006 0
15.703 -7.17166e-007 9.69431e-006 0
15.743 -5.80903e-007 9.70442e-006 0
15.783 -4.4453e-007 9.71289e-006 0
15.833 -2.80018e-007 9.70934e-006 0
15.873 -1.43293e-007 9.71551e-006 0
15.923 2.13767e-008 9.70743e-006 0
15.963 1.58682e-007 9.7121e-006 0
16.013 3.2458e-007 9.70232e-006 0
16.053 4.63139e-007 9.70715e-006 0
16.093 6.02324e-007 9.71177e-006 0
16.143 7.73511e-007 9.70808e-006 0
16.184 9.1865e-007 9.7157e-006 0
16.224 1.06149e-006 9.72465e-006 0
16.264 1.20532e-006 9.73461e-006 0
16.314 1.38795e-006 9.75361e-006 0
16.354 1.53271e-006 9.76279e-006 0
16.404 1.71837e-006 9.78917e-006 0
16.444 1.86334e-006 9.79629e-006 0
16.484 2.00846e-006 9.80367e-006 0
16.534 2.19473e-006 9.83552e-006 0
16.574 2.33925e-006 9.84061e-006 0
16.624 2.52351e-006 9.87194e-006 0
16.664 2.66665e-006 9.87471e-006 0
16.704 2.80902e-006 9.87743e-006 0
16.744 2.95041e-006 9.87999e-006 0
16.794 3.1267e-006 9.90724e-006 0
16.834 3.26499e-006 9.90734e-006 0
16.875 3.40506e-006 9.90855e-006 0
16.925 3.57204e-006 9.92852e-006 0
16.965 3.70444e-006 9.92663e-006 0
17.015 3.86414e-006 9.94077e-006 0
17.055 3.99133e-006 9.93809e-006 0
17.105 4.14322e-006 9.94675e-006 0
17.145 4.26393e-006 9.94416e-006 0
17.185 4.38136e-006 9.94142e-006 0
17.235 4.52103e-006 9.94238e-006 0
17.275 4.62989e-006 9.93996e-006 0
17.315 4.73496e-006 9.93702e-006 0
17.355 4.83621e-006 9.93341e-006 0
17.405 4.96026e-006 9.92419e-006 0
17.445 5.05265e-006 9.91887e-006 0
17.485 5.14115e-006 9.91272e-006 0
17.535 5.25354e-006 9.89841e-006 0
17.576 5.33532e-006 9.89033e-006 0
17.626 5.4374e-006 9.87522e-006 0
17.666 5.506e-006 9.86673e-006 0
17.706 5.56967e-006 9.85754e-006 0
17.756 5.65235e-006 9.84233e-006 0
17.796 5.70415e-006 9.83164e-006 0
17.846 5.77157e-006 9.81559e-006 0
17.886 5.81176e-006 9.80268e-006 0
17.926 5.84739e-006 9.78861e-006 0
17.976 5.89385e-006 9.76936e-006 0
18.016 5.91922e-006 9.75242e-006 0
18.066 5.95234e-006 9.73005e-006 0
18.106 5.9687e-006 9.71017e-006 0
18.146 5.98172e-006 9.68911e-006 0
18.186 5.9916e-006 9.66691e-006 0
18.236 6.0043e-006 9.63841e-006 0
18.277 6.00763e-006 9.61301e-006 0
18.337 6.01855e-006 9.57633e-006 0
18.377 6.01445e-006 9.54871e-006 0
18.427 6.00871e-006 9.5136e-006 0
18.467 6.00008e-006 9.48418e-006 0
18.517 5.98813e-006 9.4468e-006 0
18.557 5.97571e-006 9.41595e-006 0
18.597 5.96186e-006 9.38458e-006 0
18.637 5.94665e-006 9.35274e-006 0
18.687 5.9254e-006 9.31221e-006 0
18.727 5.90749e-006 9.27953e-006 0
18.767 5.88846e-006 9.24656e-006 0
18.817 5.8615e-006 9.20452e-006 0
18.857 5.84036e-006 9.17111e-006 0
18.907 5.81002e-006 9.12854e-006 0
18.947 5.787e-006 9.09494e-006 0
18.988 5.76227e-006 9.06041e-006 0
19.038 5.72741e-006 9.01774e-006 0
19.078 5.70188e-006 8.98427e-006 0
19.128 5.66439e-006 8.94213e-006 0
19.168 5.63742e-006 8.90906e-006 0
19.218 5.59778e-006 8.86785e-006 0
19.258 5.56968e-006 8.83534e-006 0
19.298 5.54098e-006 8.80305e-006 0
19.338 5.51176e-006 8.77102e-006 0
19.388 5.46961e-006 8.73206e-006 0
19.428 5.44009e-006 8.70058e-006 0
19.478 5.398e-006 8.66274e-006 0
19.518 5.36837e-006 8.63172e-006 0
19.558 5.33847e-006 8.60097e-006 0
19.608 5.29678e-006 8.56451e-006 0
19.649 5.26587e-006 8.5335e-006 0
19.689 5.23572e-006 8.50339e-006 0
19.739 5.19477e-006 8.46801e-006 0
19.779 5.16451e-006 8.43832e-006 0
19.819 5.13409e-006 8.4089e-006 0
19.869 5.09395e-006 8.37426e-006 0
19.909 5.06336e-006 8.34528e-006 0
19.959 5.02388e-006 8.3108e-006 0
19.999 4.99311e-006 8.28223e-006 0
20.039 4.96229e-006 8.25382e-006 0
20.089 4.92379e-006 8.21879e-006 0
20.129 4.89286e-006 8.19066e-006 0
20.169 4.86194e-006 8.16255e-006 0
20.219 4.82441e-006 8.12545e-006 0
20.259 4.79359e-006 8.09736e-006 0
20.309 4.75669e-006 8.05781e-006 0
20.35 4.7255e-006 8.02847e-006 0
20.39 4.69504e-006 7.99992e-006 0
20.44 4.65881e-006 7.95517e-006 0
20.48 4.629e-006 7.92618e-006 0
20.52 4.59927e-006 7.89688e-006 0
20.57 4.56343e-006 7.84608e-006 0
20.61 4.53465e-006 7.81634e-006 0
20.65 4.50601e-006 7.7864e-006 0
20.69 4.47753e-006 7.75632e-006 0
20.74 4.44218e-006 7.69879e-006 0
20.78 4.41506e-006 7.66851e-006 0
20.83 4.38111e-006 7.60836e-006 0
20.87 4.35553e-006 7.57802e-006 0
20.92 4.3237e-006 7.51615e-006 0
20.96 4.29966e-006 7.48729e-006 0
21.01 4.27042e-006 7.42943e-006 0
21.051 4.24655e-006 7.41052e-006 0
21.091 4.22286e-006 7.40078e-006 0
21.141 4.19309e-006 7.39155e-006 0
21.181 4.16599e-006 7.41685e-006 0
21.221 4.13704e-006 7.45017e-006 0
21.261 4.10648e-006 7.4879e-006 0
21.311 4.06401e-006 7.55692e-006 0
21.351 4.03063e-006 7.59525e-006 0
21.391 3.99573e-006 7.64092e-006 0
21.441 3.94915e-006 7.73184e-006 0
21.481 3.91014e-006 7.79539e-006 0
21.531 3.85992e-006 7.9094e-006 0
21.571 3.81664e-006 7.99186e-006 0
21.611 3.77186e-006 8.08224e-006 0
21.651 3.72572e-006 8.17993e-006 0
21.701 3.66962e-006 8.33178e-006 0
21.742 3.61922e-006 8.4468e-006 0
21.782 3.5691e-006 8.56321e-006 0
21.832 3.50994e-006 8.73193e-006 0
21.872 3.45826e-006 8.85649e-006 0
21.922 3.39809e-006 9.03046e-006 0
21.962 3.34625e-006 9.16046e-006 0
22.012 3.2865e-006 9.33644e-006 0
22.052 3.23603e-006 9.46991e-006 0
22.092 3.1871e-006 9.60506e-006 0
22.142 3.13142e-006 9.78131e-006 0
22.182 3.08624e-006 9.91776e-006 0
22.222 3.04362e-006 1.00548e-005 0
22.272 2.99593e-006 1.02286e-005 0
22.312 2.95958e-006 1.03652e-005 0
22.362 2.91968e-006 1.05358e-005 0
22.402 2.8913e-006 1.06706e-005 0
22.443 2.86635e-006 1.08074e-005 0
22.483 2.84629e-006 1.09394e-005 0
22.533 2.82603e-006 1.11003e-005 0
22.573 2.81643e-006 1.12277e-005 0
22.623 2.80851e-006 1.13813e-005 0
22.663 2.81029e-006 1.15026e-005 0
22.703 2.81686e-006 1.16205e-005 0
22.753 2.82754e-006 1.17603e-005 0
22.793 2.84609e-006 1.18699e-005 0
22.843 2.87038e-006 1.19984e-005 0
22.883 2.90041e-006 1.20984e-005 0
22.933 2.93785e-006 1.22144e-005 0
22.973 2.97833e-006 1.23039e-005 0
23.023 3.02834e-006 1.24069e-005 0
23.063 3.07867e-006 1.24854e-005 0
23.103 3.13321e-006 1.25589e-005 0
23.154 3.202e-006 1.26442e-005 0
23.194 3.26663e-006 1.27064e-005 0
23.234 3.33525e-006 1.27636e-005 0
23.284 3.42184e-006 1.28277e-005 0
23.324 3.49958e-006 1.28735e-005 0
23.364 3.58075e-006 1.29144e-005 0
23.414 3.68339e-006 1.29588e-005 0
23.454 3.7721e-006 1.29887e-005 0
23.494 3.86357e-006 1.3014e-005 0
23.544 3.97922e-006 1.30394e-005 0
23.584 4.07655e-006 1.30544e-005 0
23.624 4.17605e-006 1.30651e-005 0
23.664 4.27753e-006 1.30716e-005 0
23.714 4.4059e-006 1.30741e-005 0
23.754 4.51142e-006 1.30716e-005 0
