0.1 0.747976 -1.85477 0
0.2 0.695154 -1.87413 0
0.3 0.605814 -1.90193 0
0.4 0.480263 -1.934 0
0.5 0.32157 -1.96581 0
0.6 0.136269 -1.99041 0
0.7 -0.0645349 -1.99813 0
0.8 -0.264548 -1.98164 0
0.9 -0.44563 -1.94357 0
1 -0.594024 -1.8968 0
1.1 -0.702703 -1.85644 0
1.2 -0.768958 -1.83256 0
1.3 -0.791862 -1.82845 0
1.4 -0.77179 -1.84208 0
1.5 -0.711067 -1.86881 0
1.6 -0.614069 -1.90328 0
1.7 -0.48635 -1.93978 0
1.8 -0.333865 -1.97182 0
1.9 -0.163016 -1.99298 0
2 0.018799 -1.99891 0
2.1 0.202804 -1.98853 0
2.2 0.378829 -1.96332 0
2.3 0.535711 -1.92661 0
2.4 0.662591 -1.88425 0
2.5 0.751097 -1.84524 0
2.6 0.796768 -1.81989 0
2.7 0.798286 -1.81609 0
2.8 0.755623 -1.83608 0
2.9 0.669229 -1.87512 0
3 0.541328 -1.92214 0
3.1 0.378585 -1.96355 0
3.2 0.193195 -1.98934 0
3.3 0.000142075 -1.99665 0
3.4 -0.186816 -1.98759 0
3.5 -0.357055 -1.96566 0
3.6 -0.50321 -1.93491 0
3.7 -0.620768 -1.90096 0
3.8 -0.707094 -1.87058 0
3.9 -0.759962 -1.84957 0
4 -0.776589 -1.84118 0
4.1 -0.753966 -1.84667 0
4.2 -0.690168 -1.86634 0
4.3 -0.585309 -1.89907 0
4.4 -0.441704 -1.93977 0
4.5 -0.264694 -1.97762 0
4.6 -0.065001 -1.99839 0
4.7 0.140234 -1.99282 0
4.8 0.332065 -1.96422 0
4.9 0.496315 -1.92519 0
5 0.625036 -1.88825 0
5.1 0.714347 -1.86082 0
5.2 0.762977 -1.84583 0
5.3 0.771929 -1.8442 0
5.4 0.743697 -1.85614 0
5.5 0.680807 -1.88011 0
5.6 0.584982 -1.91174 0
5.7 0.457753 -1.94471 0
5.8 0.30201 -1.97291 0
5.9 0.123345 -1.9915 0
6 -0.0692848 -1.99596 0
6.1 -0.263233 -1.98194 0
6.2 -0.443027 -1.94858 0
6.3 -0.59395 -1.90264 0
6.4 -0.706265 -1.8573 0
6.5 -0.775812 -1.82583 0
6.6 -0.801465 -1.81625 0
6.7 -0.782983 -1.8296 0
6.8 -0.720918 -1.86075 0
6.9 -0.61806 -1.90088 0
7 -0.480647 -1.94085 0
7.1 -0.317801 -1.97355 0
7.2 -0.139776 -1.99399 0
7.3 0.0434067 -1.99885 0
7.4 0.222489 -1.98713 0
7.5 0.389099 -1.96123 0
7.6 0.535644 -1.92644 0
7.7 0.655028 -1.88912 0
7.8 0.74064 -1.85555 0
7.9 0.787047 -1.83199 0
8 0.790946 -1.82451 0
8.1 0.75125 -1.83726 0
8.2 0.668281 -1.86985 0
8.3 0.543506 -1.91532 0
8.4 0.381232 -1.96045 0
8.5 0.191549 -1.99041 0
8.6 -0.00938308 -1.99709 0
8.7 -0.204157 -1.98301 0
8.8 -0.379139 -1.95635 0
8.9 -0.52549 -1.92468 0
9 -0.638239 -1.89334 0
9.1 -0.715528 -1.86706 0
9.2 -0.757531 -1.85068 0
9.3 -0.764684 -1.84771 0
9.4 -0.736366 -1.85848 0
9.5 -0.671096 -1.88051 0
9.6 -0.568083 -1.91034 0
9.7 -0.428806 -1.94413 0
9.8 -0.257795 -1.97594 0
9.9 -0.0635495 -1.99626 0
10 0.140042 -1.99479 0
10.1 0.334786 -1.96832 0
10.2 0.503904 -1.92541 0
10.3 0.636957 -1.88106 0
10.4 0.729239 -1.84792 0
10.5 0.778922 -1.83232 0
10.6 0.785703 -1.83478 0
10.7 0.751013 -1.85245 0
10.8 0.67819 -1.88124 0
10.9 0.571765 -1.9163 0
11 0.436624 -1.95155 0
11.1 0.277988 -1.98013 0
11.2 0.102106 -1.9962 0
11.3 -0.0830738 -1.99666 0
11.4 -0.267682 -1.98104 0
11.5 -0.440172 -1.95078 0
11.6 -0.588397 -1.90997 0
11.7 -0.701914 -1.86662 0
11.8 -0.77422 -1.83165 0
11.9 -0.802774 -1.81504 0
12 -0.787138 -1.82208 0
12.1 -0.727446 -1.85134 0
12.2 -0.624758 -1.89475 0
12.3 -0.483212 -1.93993 0
12.4 -0.311987 -1.97522 0
12.5 -0.124354 -1.99426 0
12.6 0.0657691 -1.99617 0
12.7 0.246499 -1.98278 0
12.8 0.408797 -1.95709 0
12.9 0.546381 -1.92385 0
13 0.655134 -1.88965 0
13.1 0.731941 -1.86119 0
13.2 0.773611 -1.8433 0
13.3 0.776771 -1.8388 0
13.4 0.738824 -1.84932 0
13.5 0.658948 -1.87524 0
13.6 0.53829 -1.9137 0
13.7 0.380244 -1.95627 0
13.8 0.192315 -1.98925 0
13.9 -0.01153 -1.99958 0
14 -0.212574 -1.98404 0
14.1 -0.393852 -1.95119 0
14.2 -0.544333 -1.91363 0
14.3 -0.658079 -1.8808 0
14.4 -0.732409 -1.85753 0
14.5 -0.767187 -1.84614 0
14.6 -0.764166 -1.84812 0
14.7 -0.725558 -1.86365 0
14.8 -0.652797 -1.89012 0
14.9 -0.54666 -1.92225 0
15 -0.408665 -1.95399 0
15.1 -0.242662 -1.98003 0
15.2 -0.0557712 -1.99527 0
15.3 0.141043 -1.99387 0
15.4 0.332935 -1.97167 0
15.5 0.50363 -1.93129 0
15.6 0.640271 -1.88385 0
15.7 0.736058 -1.84371 0
15.8 0.788611 -1.82172 0
15.9 0.79729 -1.82219 0
16 0.762187 -1.84291 0
16.1 0.684941 -1.8772 0
16.2 0.569963 -1.91674 0
16.3 0.42449 -1.95398 0
16.4 0.257393 -1.98273 0
16.5 0.0779626 -1.99808 0
16.6 -0.104624 -1.99699 0
16.7 -0.281456 -1.97968 0
16.8 -0.443943 -1.94969 0
16.9 -0.583795 -1.9126 0
17 -0.693161 -1.87469 0
17.1 -0.765362 -1.84282 0
17.2 -0.795953 -1.82424 0
17.3 -0.783036 -1.825 0
17.4 -0.72642 -1.84734 0
17.5 -0.626833 -1.88743 0
17.6 -0.486703 -1.93474 0
17.7 -0.312793 -1.97467 0
17.8 -0.11816 -1.99535 0
17.9 0.0803156 -1.99402 0
18 0.267209 -1.97578 0
18.1 0.431367 -1.94775 0
18.2 0.565755 -1.91571 0
18.3 0.666738 -1.88476 0
18.4 0.733217 -1.86039 0
18.5 0.765076 -1.84752 0
18.6 0.761617 -1.84849 0
18.7 0.721165 -1.8626 0
18.8 0.642154 -1.88746 0
18.9 0.52474 -1.92009 0
19 0.371727 -1.95577 0
19.1 0.189256 -1.98594 0
19.2 -0.0116492 -1.99906 0
19.3 -0.214327 -1.98694 0
19.4 -0.4003 -1.95245 0
19.5 -0.555623 -1.90845 0
19.6 -0.672868 -1.86909 0
19.7 -0.74881 -1.84348 0
19.8 -0.782337 -1.83474 0
19.9 -0.77408 -1.84202 0
20 -0.726505 -1.86272 0
20.1 -0.643285 -1.89325 0
20.2 -0.528372 -1.92847 0
20.3 -0.385817 -1.96168 0
20.4 -0.220515 -1.9862 0
20.5 -0.0391781 -1.99727 0
20.6 0.149151 -1.99253 0
20.7 0.333099 -1.97137 0
20.8 0.4997 -1.93562 0
20.9 0.636571 -1.89145 0
21 0.734838 -1.84953 0
21.1 0.790245 -1.82146 0
21.2 0.80163 -1.81525 0
21.3 0.76889 -1.83269 0
21.4 0.692451 -1.86879 0
21.5 0.574684 -1.91334 0
21.6 0.42202 -1.95457 0
21.7 0.245346 -1.98374 0
21.8 0.0576957 -1.99699 0
21.9 -0.128562 -1.9939 0
22 -0.303142 -1.97589 0
22.1 -0.458151 -1.94643 0
22.2 -0.587842 -1.91138 0
22.3 -0.687851 -1.8777 0
22.4 -0.754231 -1.85144 0
22.5 -0.783101 -1.83692 0
22.6 -0.771268 -1.83721 0
22.7 -0.71714 -1.85426 0
22.8 -0.620951 -1.88725 0
22.9 -0.484704 -1.93032 0
23 -0.313312 -1.97153 0
23.1 -0.117229 -1.9963 0
23.2 0.0868104 -1.99581 0
23.3 0.280467 -1.97308 0
23.4 0.449702 -1.93894 0
23.5 0.586076 -1.90389 0
23.6 0.685178 -1.87448 0
23.7 0.745533 -1.8544 0
23.8 0.767947 -1.84637 0
23.9 0.754191 -1.85218 0
24 0.7055 -1.87111 0
24.1 0.622164 -1.89941 0
24.2 0.504597 -1.93164 0
24.3 0.355025 -1.96247 0
24.4 0.178694 -1.9866 0
24.5 -0.01542 -1.99745 0
24.6 -0.213973 -1.98831 0
24.7 -0.400308 -1.95737 0
24.8 -0.5589 -1.91224 0
24.9 -0.679815 -1.86695 0
25 -0.758751 -1.83459 0
25.1 -0.794315 -1.82251 0
25.2 -0.786205 -1.83146 0
25.3 -0.735299 -1.85717 0
25.4 -0.644634 -1.89278 0
25.5 -0.51975 -1.93112 0
25.6 -0.367946 -1.96557 0
25.7 -0.197324 -1.99006 0
25.8 -0.0163798 -1.9998 0
25.9 0.166036 -1.99274 0
26 0.340764 -1.97037 0
26.1 0.498474 -1.93677 0
26.2 0.62999 -1.89757 0
26.3 0.727157 -1.85969 0
26.4 0.784128 -1.83124 0
26.5 0.797985 -1.81998 0
26.6 0.767991 -1.83059 0
26.7 0.694416 -1.86218 0
26.8 0.578518 -1.90724 0
26.9 0.424477 -1.95274 0
27 0.241982 -1.98518 0
27.1 0.0459653 -1.99726 0
27.2 -0.147586 -1.99001 0
27.3 -0.325608 -1.9688 0
27.4 -0.479002 -1.93921 0
27.5 -0.602216 -1.90639 0
27.6 -0.692574 -1.87614 0
27.7 -0.74902 -1.85439 0
27.8 -0.77053 -1.84527 0
27.9 -0.75527 -1.84998 0
28 -0.701168 -1.86757 0
28.1 -0.607343 -1.89614 0
28.2 -0.475169 -1.93226 0
28.3 -0.308798 -1.96886 0
28.4 -0.11644 -1.99455 0
28.5 0.0878706 -1.99783 0
28.6 0.28567 -1.97555 0
28.7 0.460135 -1.93647 0
28.8 0.600622 -1.89467 0
28.9 0.701903 -1.86148 0
29 0.761765 -1.84253 0
29.1 0.779992 -1.83904 0
29.2 0.758249 -1.85004 0
29.3 0.699496 -1.87343 0
29.4 0.606939 -1.90541 0
29.5 0.483609 -1.94009 0
29.6 0.333033 -1.97055 0
29.7 0.160424 -1.99094 0
29.8 -0.0264575 -1.9973 0
29.9 -0.217012 -1.98708 0
30 -0.398122 -1.9596 0
30.1 -0.555884 -1.91843 0
30.2 -0.678927 -1.87295 0
30.3 -0.760758 -1.83559 0
30.4 -0.799038 -1.81679 0
30.5 -0.793291 -1.82136 0
30.6 -0.743604 -1.84741 0
30.7 -0.651229 -1.88732 0
30.8 -0.520415 -1.9304 0
30.9 -0.359524 -1.96688 0
31 -0.179913 -1.99052 0
31.1 0.00644378 -1.99847 0
31.2 0.188665 -1.99016 0
31.3 0.357617 -1.96734 0
31.4 0.505999 -1.9346 0
31.5 0.627969 -1.89852 0
31.6 0.718466 -1.86579 0
31.7 0.772834 -1.84199 0
31.8 0.787209 -1.83166 0
31.9 0.759298 -1.83833 0
32 0.688611 -1.8632 0
32.1 0.576164 -1.90292 0
32.2 0.42497 -1.94795 0
32.3 0.242261 -1.98405 0
32.4 0.0416892 -1.99867 0
32.5 -0.158782 -1.98897 0
32.6 -0.342836 -1.96215 0
32.7 -0.499324 -1.92843 0
32.8 -0.621766 -1.89563 0
32.9 -0.707102 -1.86867 0
33 -0.754936 -1.85137 0
33.1 -0.766382 -1.84695 0
33.2 -0.742441 -1.8566 0
33.3 -0.68312 -1.8784 0
33.4 -0.588029 -1.90803 0
33.5 -0.457993 -1.94059 0
33.6 -0.296471 -1.97097 0
33.7 -0.11037 -1.99252 0
33.8 0.0890555 -1.99695 0
33.9 0.285997 -1.97845 0
34 0.463227 -1.93996 0
34.1 0.607569 -1.89358 0
34.2 0.712114 -1.85366 0
34.3 0.774199 -1.83027 0
34.4 0.79298 -1.82707 0
34.5 0.768767 -1.8423 0
34.6 0.703603 -1.87096 0
34.7 0.601654 -1.90694 0
34.8 0.468715 -1.94388 0
34.9 0.311478 -1.97522 0
35 0.137294 -1.99485 0
35.1 -0.0456494 -1.99873 0
35.2 -0.228199 -1.98607 0
35.3 -0.400376 -1.95903 0
35.4 -0.5518 -1.92187 0
35.5 -0.672706 -1.88089 0
35.6 -0.755544 -1.84454 0
35.7 -0.796063 -1.82198 0
35.8 -0.792812 -1.82015 0
35.9 -0.745701 -1.84101 0
36 -0.655313 -1.88002 0
36.1 -0.52403 -1.92657 0
36.2 -0.358515 -1.96722 0
36.3 -0.170928 -1.99165 0
36.4 0.023519 -1.99672 0
36.5 0.210671 -1.98501 0
36.6 0.379609 -1.96097 0
36.7 0.522862 -1.92937 0
36.8 0.635976 -1.8959 0
36.9 0.716584 -1.86707 0
37 0.762989 -1.84842 0
37.1 0.773077 -1.84303 0
37.2 0.744403 -1.8516 0
37.3 0.67532 -1.87357 0
37.4 0.566053 -1.9069 0
37.5 0.419159 -1.94625 0
37.6 0.240391 -1.98138 0
37.7 0.040711 -1.99928 0
37.8 -0.163037 -1.99163 0
37.9 -0.352448 -1.9617 0
38 -0.513651 -1.92166 0
38.1 -0.638846 -1.88407 0
38.2 -0.724297 -1.8568 0
38.3 -0.768765 -1.84311 0
38.4 -0.773079 -1.8437 0
38.5 -0.739539 -1.85806 0
38.6 -0.670775 -1.88401 0
38.7 -0.569025 -1.91692 0
38.8 -0.43659 -1.95032 0
38.9 -0.277115 -1.97784 0
39 -0.0967763 -1.99441 0
39.1 0.0951253 -1.9959 0
39.2 0.286058 -1.97921 0
39.3 0.461316 -1.94478 0
39.4 0.607217 -1.89961 0
39.5 0.714618 -1.85597 0
39.6 0.779445 -1.82619 0
39.7 0.800542 -1.8179 0
39.8 0.777721 -1.83222 0
39.9 0.711575 -1.86428 0
40 0.604793 -1.90521 0
40.1 0.463486 -1.94542 0
40.2 0.29695 -1.97727 0
40.3 0.115999 -1.99581 0
40.4 -0.0686513 -1.99832 0
40.5 -0.247217 -1.9845 0
40.6 -0.411148 -1.95718 0
40.7 -0.553106 -1.9219 0
40.8 -0.666648 -1.88533 0
40.9 -0.746011 -1.85388 0
41 -0.786449 -1.83338 0
41.1 -0.784923 -1.82895 0
41.2 -0.740306 -1.84376 0
41.3 -0.652924 -1.87689 0
41.4 -0.524484 -1.92146 0
41.5 -0.359644 -1.9648 0
41.6 -0.16865 -1.99275 0
41.7 0.0324594 -1.99741 0
41.8 0.226398 -1.9812 0
41.9 0.399564 -1.95253 0
42 0.543176 -1.91957 0
42.1 0.652336 -1.88823 0
42.2 0.725187 -1.86322 0
42.3 0.761899 -1.84897 0
42.4 0.763078 -1.84844 0
42.5 0.728524 -1.86167 0
42.6 0.657322 -1.88588 0
42.7 0.549184 -1.91702 0
42.8 0.405981 -1.95056 0
42.9 0.232651 -1.9803 0
43 0.0381158 -1.9974 0
43.1 -0.163681 -1.993 0
43.2 -0.355153 -1.96501 0
43.3 -0.520324 -1.92192 0
43.4 -0.64918 -1.87798 0
43.5 -0.737161 -1.84544 0
43.6 -0.78255 -1.8307 0
43.7 -0.785094 -1.83451 0
43.8 -0.746088 -1.85396 0
43.9 -0.668646 -1.88442 0
44 -0.557291 -1.92043 0
44.1 -0.417319 -1.95561 0
44.2 -0.25468 -1.98319 0
44.3 -0.0764056 -1.99755 0
44.4 0.108979 -1.99578 0
44.5 0.291413 -1.97784 0
44.6 0.459686 -1.94606 0
44.7 0.602492 -1.90535 0
44.8 0.710337 -1.86377 0
44.9 0.777246 -1.83143 0
45 0.800745 -1.8173 0
45.1 0.780328 -1.82601 0
45.2 0.71619 -1.856 0
45.3 0.609573 -1.89938 0
45.4 0.464755 -1.94402 0
45.5 0.290943 -1.97824 0
45.6 0.101497 -1.99547 0
45.7 -0.0894079 -1.99498 0
45.8 -0.269604 -1.97923 0
45.9 -0.429893 -1.95196 0
46 -0.563984 -1.91831 0
46.1 -0.667917 -1.88483 0
46.2 -0.738938 -1.85803 0
46.3 -0.77439 -1.84262 0
46.4 -0.771443 -1.84109 0
46.5 -0.727864 -1.85439 0
46.6 -0.642988 -1.882 0
46.7 -0.518127 -1.92043 0
46.8 -0.35706 -1.9612 0
46.9 -0.167768 -1.99138 0
47 0.0356368 -1.99905 0
47.1 0.234821 -1.98162 0
47.2 0.413316 -1.94755 0
47.3 0.560395 -1.90923 0
47.4 0.670323 -1.87623 0
47.5 0.740554 -1.85371 0
47.6 0.770929 -1.84403 0
47.7 0.763038 -1.84824 0
47.8 0.719025 -1.86591 0
47.9 0.640557 -1.89403 0
48 0.528948 -1.92714 0
48.1 0.386377 -1.95895 0
48.2 0.217315 -1.98383 0
48.3 0.0294012 -1.99659 0
48.4 -0.166097 -1.99214 0
48.5 -0.354572 -1.9677 0
48.6 -0.520603 -1.92687 0
48.7 -0.652221 -1.88055 0
48.8 -0.743033 -1.84218 0
48.9 -0.790739 -1.82192 0
49 -0.794743 -1.82379 0
49.1 -0.755221 -1.84569 0
49.2 -0.673824 -1.88096 0
49.3 -0.554875 -1.92109 0
49.4 -0.405624 -1.95808 0
49.5 -0.235241 -1.98556 0
49.6 -0.0535643 -1.99887 0
49.7 0.129668 -1.99557 0
49.8 0.305184 -1.97635 0
49.9 0.464373 -1.94513 0
50 0.599308 -1.90784 0
50.1 0.702826 -1.8711 0
50.2 0.768994 -1.8417 0
50.3 0.793842 -1.82622 0
50.4 0.775584 -1.82978 0
50.5 0.714018 -1.85381 0
50.6 0.610011 -1.89411 0
50.7 0.466348 -1.94031 0
50.8 0.290165 -1.97834 0
50.9 0.0946249 -1.99693 0
51 -0.103531 -1.99348 0
51.1 -0.289029 -1.97321 0
51.2 -0.450827 -1.94356 0
51.3 -0.582006 -1.91084 0
51.4 -0.679006 -1.88041 0
51.5 -0.74074 -1.85759 0
51.6 -0.767151 -1.84687 0
51.7 -0.757773 -1.85024 0
51.8 -0.711342 -1.86672 0
51.9 -0.626759 -1.89351 0
52 -0.504575 -1.92698 0
52.1 -0.34798 -1.96178 0
52.2 -0.163627 -1.98941 0
52.3 0.0370111 -1.99925 0
52.4 0.237377 -1.98459 0
52.5 0.41973 -1.94907 0
52.6 0.570847 -1.90519 0
52.7 0.683658 -1.86648 0
52.8 0.75511 -1.84176 0
52.9 0.784218 -1.83426 0
53 0.771614 -1.84316 0
53.1 0.719601 -1.8656 0
53.2 0.631711 -1.89745 0
53.3 0.512025 -1.93317 0
53.4 0.365068 -1.96598 0
53.5 0.196414 -1.98928 0
53.6 0.0134336 -1.99844 0
53.7 -0.174373 -1.99129 0
53.8 -0.355549 -1.96789 0
53.9 -0.517586 -1.93105 0
54 -0.648988 -1.88757 0
54.1 -0.741678 -1.84779 0
54.2 -0.791737 -1.82239 0
54.3 -0.798025 -1.81851 0
54.4 -0.760453 -1.83744 0
54.5 -0.679599 -1.87412 0
54.6 -0.558047 -1.91847 0
54.7 -0.402363 -1.95891 0
54.8 -0.223478 -1.98666 0
54.9 -0.0345405 -1.99786 0
55 0.151876 -1.99242 0
55.1 0.325298 -1.97237 0
55.2 0.47775 -1.94174 0
55.3 0.603534 -1.90658 0
55.4 0.698501 -1.8738 0
55.5 0.7591 -1.84939 0
55.6 0.781949 -1.83747 0
55.7 0.764285 -1.84069 0
55.8 0.70475 -1.86018 0
55.9 0.60372 -1.89433 0
56 0.463479 -1.93677 0
56.1 0.289465 -1.97575 0
56.2 0.0926053 -1.99763 0
56.3 -0.110403 -1.99468 0
56.4 -0.301727 -1.97034 0
56.5 -0.467811 -1.93523 0
56.6 -0.600515 -1.89971 0
56.7 -0.695638 -1.87054 0
56.8 -0.751799 -1.85158 0
56.9 -0.769723 -1.8454 0
57 -0.751039 -1.85328 0
57.1 -0.696998 -1.87405 0
57.2 -0.608195 -1.9037 0
57.3 -0.485568 -1.93662 0
57.4 -0.331936 -1.96713 0
57.5 -0.153111 -1.98958 0
57.6 0.0413942 -1.99757 0
57.7 0.23799 -1.98543 0
57.8 0.420456 -1.95279 0
57.9 0.57421 -1.90782 0
58 0.690056 -1.86398 0
58.1 0.763972 -1.83349 0
58.2 0.794651 -1.82311 0
58.3 0.78189 -1.83346 0
58.4 0.726653 -1.86029 0
58.5 0.631959 -1.89671 0
58.6 0.503279 -1.93526 0
58.7 0.347997 -1.96903 0
58.8 0.174562 -1.99195 0
58.9 -0.00802438 -1.99961 0
59 -0.190437 -1.99044 0
59.1 -0.363252 -1.96627 0
59.2 -0.517203 -1.9316 0
59.3 -0.643565 -1.89254 0
59.4 -0.734891 -1.85625 0
59.5 -0.785977 -1.83056 0
59.6 -0.794216 -1.8224 0
59.7 -0.758922 -1.83552 0
59.8 -0.680423 -1.86838 0
59.9 -0.560253 -1.91319 0
60 -0.403042 -1.95724 0
60.1 -0.218801 -1.98763 0
60.2 -0.0224443 -1.99758 0
60.3 0.170258 -1.98828 0
60.4 0.346426 -1.96524 0
60.5 0.497102 -1.9344 0
60.6 0.616847 -1.90134 0
60.7 0.703023 -1.87193 0
60.8 0.75458 -1.85185 0
60.9 0.770585 -1.84487 0
61 0.749475 -1.85193 0
61.1 0.689579 -1.87182 0
61.2 0.590416 -1.90206 0
61.3 0.453717 -1.93852 0
61.4 0.284112 -1.97363 0
61.5 0.0904399 -1.99631 0
61.6 -0.112882 -1.99638 0
61.7 -0.307768 -1.97208 0
61.8 -0.47824 -1.93251 0
61.9 -0.614281 -1.89118 0
62 -0.710963 -1.85885 0
62.1 -0.766261 -1.84101 0
62.2 -0.78007 -1.83895 0
62.3 -0.753991 -1.85163 0
62.4 -0.690796 -1.87659 0
62.5 -0.593609 -1.90956 0
62.6 -0.465682 -1.9444 0
62.7 -0.311058 -1.97423 0
62.8 -0.135597 -1.99323 0
62.9 0.0523305 -1.99744 0
63 0.241708 -1.98467 0
63.1 0.419434 -1.95513 0
63.2 0.572235 -1.91344 0
63.3 0.689669 -1.86928 0
63.4 0.765889 -1.83447 0
63.5 0.798759 -1.81843 0
63.6 0.787829 -1.82519 0
63.7 0.733291 -1.85251 0
63.8 0.636629 -1.89272 0
63.9 0.502312 -1.93537 0
64 0.338778 -1.97081 0
64.1 0.1574 -1.9928 0
64.2 -0.029756 -1.99859 0
64.3 -0.211639 -1.98805 0
64.4 -0.378967 -1.96351 0
64.5 -0.524374 -1.92991 0
64.6 -0.642091 -1.89397 0
64.7 -0.72731 -1.86238 0
64.8 -0.775807 -1.8407 0
64.9 -0.784199 -1.83322 0
65 -0.750531 -1.84285 0
65.1 -0.674481 -1.86991 0
65.2 -0.557262 -1.91024 0
65.3 -0.402334 -1.954 0
65.4 -0.217575 -1.98745 0
65.5 -0.0169786 -1.99923 0
65.6 0.181798 -1.98744 0
65.7 0.363042 -1.95935 0
65.8 0.516052 -1.92493 0
65.9 0.634637 -1.89196 0
66 0.715921 -1.86557 0
66.1 0.759528 -1.84966 0
66.2 0.766424 -1.84713 0
66.3 0.737482 -1.85871 0
66.4 0.6728 -1.88214 0
66.5 0.572364 -1.91296 0
66.6 0.437531 -1.946 0
66.7 0.272322 -1.97566 0
66.8 0.0842597 -1.995 0
66.9 -0.114821 -1.99622 0
67 -0.309032 -1.97497 0
67.1 -0.481876 -1.9355 0
67.2 -0.621151 -1.88995 0
67.3 -0.72052 -1.85182 0
67.4 -0.777516 -1.83036 0
67.5 -0.791414 -1.82878 0
67.6 -0.762663 -1.84528 0
67.7 -0.693364 -1.87493 0
67.8 -0.587599 -1.91148 0
67.9 -0.451091 -1.94826 0
68 -0.290666 -1.97856 0
68.1 -0.114055 -1.99646 0
68.2 0.0700514 -1.99827 0
68.3 0.252057 -1.98354 0
68.4 0.421761 -1.95478 0
68.5 0.568939 -1.91677 0
68.6 0.684397 -1.87638 0
68.7 0.761332 -1.84214 0
68.8 0.796022 -1.82265 0
68.9 0.787195 -1.82389 0
69 0.734799 -1.84691 0
69.1 0.639596 -1.8866 0
69.2 0.50439 -1.93234 0
69.3 0.336306 -1.9712 0
69.4 0.147656 -1.99355 0
69.5 -0.0465481 -1.99657 0
69.6 -0.232412 -1.98291 0
69.7 -0.399199 -1.95721 0
69.8 -0.539558 -1.92467 0
69.9 -0.649086 -1.89129 0
70 -0.725394 -1.86349 0
70.1 -0.766778 -1.84656 0
70.2 -0.771273 -1.8433 0
70.3 -0.736769 -1.85427 0
70.4 -0.662019 -1.87847 0
70.5 -0.547597 -1.91317 0
70.6 -0.396454 -1.95221 0
70.7 -0.214971 -1.98509 0
70.8 -0.0148069 -1.99962 0
70.9 0.187084 -1.98909 0
71 0.373007 -1.95785 0
71.1 0.529939 -1.91785 0
71.2 0.650568 -1.88092 0
71.3 0.731425 -1.85456 0
71.4 0.771462 -1.84201 0
71.5 0.771546 -1.84407 0
71.6 0.733806 -1.86004 0
71.7 0.660655 -1.88728 0
71.8 0.554323 -1.92083 0
71.9 0.417432 -1.95414 0
72 0.254199 -1.98088 0
72.1 0.0714539 -1.99583 0
72.2 -0.120881 -1.99486 0
72.3 -0.30989 -1.97548 0
72.4 -0.481088 -1.93935 0
72.5 -0.621652 -1.8944 0
72.6 -0.72335 -1.85276 0
72.7 -0.782565 -1.82581 0
72.8 -0.798246 -1.82017 0
72.9 -0.770283 -1.83634 0
73 -0.699482 -1.86921 0
73.1 -0.588795 -1.91011 0
73.2 -0.444457 -1.94966 0
73.3 -0.275725 -1.98027 0
73.4 -0.0933903 -1.99698 0
73.5 0.0917244 -1.99728 0
73.6 0.26964 -1.98139 0
73.7 0.431628 -1.95259 0
73.8 0.570261 -1.91668 0
73.9 0.679194 -1.88045 0
74 0.753001 -1.85043 0
74.1 0.787444 -1.83242 0
74.2 0.779937 -1.83112 0
74.3 0.729596 -1.84887 0
74.4 0.636893 -1.88376 0
74.5 0.503866 -1.9282 0
74.6 0.335812 -1.96954 0
74.7 0.143605 -1.9946 0
74.8 -0.0566909 -1.99674 0
74.9 -0.248356 -1.97889 0
75 -0.418381 -1.94923 0
75.1 -0.55837 -1.91572 0
75.2 -0.663678 -1.88441 0
75.3 -0.732554 -1.86025 0
75.4 -0.765056 -1.84756 0
75.5 -0.761583 -1.84889 0
75.6 -0.721862 -1.86392 0
75.7 -0.645193 -1.88969 0
75.8 -0.531748 -1.92199 0
75.9 -0.383931 -1.95579 0
76 -0.207283 -1.98428 0
76.1 -0.0114599 -1.99851 0
76.2 0.189052 -1.99073 0
76.3 0.376947 -1.9606 0
76.4 0.537259 -1.91743 0
76.5 0.660854 -1.87495 0
76.6 0.743567 -1.84439 0
76.7 0.783856 -1.83146 0
76.8 0.781643 -1.83671 0
76.9 0.738352 -1.8573 0
77 0.657041 -1.88863 0
77.1 0.542061 -1.92495 0
77.2 0.398648 -1.95966 0
77.3 0.232968 -1.98598 0
77.4 0.0525128 -1.99855 0
77.5 -0.133644 -1.99471 0
77.6 -0.314978 -1.97468 0
77.7 -0.480112 -1.94124 0
77.8 -0.618067 -1.90007 0
77.9 -0.720103 -1.85976 0
78 -0.780991 -1.83019 0
78.1 -0.798631 -1.81944 0
78.2 -0.772599 -1.83107 0
78.3 -0.703194 -1.86268 0
78.4 -0.592007 -1.90605 0
78.5 -0.443827 -1.94938 0
78.6 -0.268182 -1.98169 0
78.7 -0.0783212 -1.99694 0
78.8 0.111891 -1.99448 0
78.9 0.290532 -1.97683 0
79 0.448533 -1.9481 0
79.1 0.579643 -1.91384 0
79.2 0.67985 -1.88073 0
79.3 0.746327 -1.85512 0
79.4 0.776465 -1.84154 0
79.5 0.767706 -1.84234 0
79.6 0.718224 -1.85823 0
79.7 0.627717 -1.88806 0
79.8 0.497832 -1.92738 0
79.9 0.332878 -1.96699 0
80 0.141647 -1.99415 0
80.1 -0.0611883 -1.99841 0
80.2 -0.257643 -1.97882 0
80.3 -0.432179 -1.94417 0
80.4 -0.574793 -1.90623 0
80.5 -0.680134 -1.87391 0
80.6 -0.745918 -1.85226 0
80.7 -0.772119 -1.84377 0
80.8 -0.760214 -1.8495 0
80.9 -0.712057 -1.86863 0
81 -0.629122 -1.89776 0
81.1 -0.512849 -1.93128 0
81.2 -0.365877 -1.96291 0
81.3 -0.193308 -1.98687 0
81.4 -0.0034844 -1.99764 0
81.5 0.191658 -1.99032 0
81.6 0.377274 -1.96322 0
81.7 0.538527 -1.9214 0
81.8 0.664501 -1.87625 0
81.9 0.749556 -1.84048 0
82 0.791657 -1.8231 0
82.1 0.790299 -1.82726 0
82.2 0.745843 -1.85044 0
82.3 0.66022 -1.88609 0
82.4 0.537916 -1.92592 0
82.5 0.38612 -1.96207 0
82.6 0.213876 -1.9881 0
82.7 0.0310295 -1.99941 0
82.8 -0.152491 -1.99393 0
82.9 -0.327136 -1.97281 0
83 -0.484041 -1.94029 0
83.1 -0.615192 -1.90253 0
83.2 -0.713633 -1.86639 0
83.3 -0.773934 -1.83887 0
83.4 -0.792689 -1.82638 0
83.5 -0.768473 -1.83329 0
83.6 -0.701235 -1.85998 0
83.7 -0.592055 -1.90127 0
83.8 -0.444259 -1.94638 0
83.9 -0.26573 -1.98184 0
84 -0.0699828 -1.99766 0
84.1 0.126619 -1.99219 0
84.2 0.309469 -1.97061 0
84.3 0.468024 -1.94004 0
84.4 0.595674 -1.90682 0
84.5 0.68902 -1.87661 0
84.6 0.746915 -1.85485 0
84.7 0.769063 -1.84572 0
84.8 0.754807 -1.85085 0
84.9 0.702959 -1.86908 0
85 0.612798 -1.89752 0
85.1 0.48537 -1.93211 0
85.2 0.324416 -1.96673 0
85.3 0.137315 -1.99227 0
85.4 -0.0636282 -1.99862 0
85.5 -0.261602 -1.98085 0
85.6 -0.439636 -1.94416 0
85.7 -0.585605 -1.90109 0
85.8 -0.693097 -1.86416 0
85.9 -0.759337 -1.84127 0
86 -0.783555 -1.83524 0
86.1 -0.766569 -1.84534 0
86.2 -0.710676 -1.86881 0
86.3 -0.619178 -1.90135 0
86.4 -0.495937 -1.93709 0
86.5 -0.345516 -1.96915 0
86.6 -0.173852 -1.9911 0
86.7 0.0111077 -1.99847 0
86.8 0.199233 -1.98916 0
86.9 0.37859 -1.96352 0
87 0.536666 -1.9252 0
87.1 0.662598 -1.88194 0
87.2 0.749212 -1.8443 0
87.3 0.793204 -1.82226 0
87.4 0.793628 -1.8218 0
87.5 0.750468 -1.84314 0
87.6 0.664562 -1.88064 0
87.7 0.538987 -1.9243 0
87.8 0.38073 -1.96317 0
87.9 0.200736 -1.9891 0
88 0.0118384 -1.9984 0
88.1 -0.173689 -1.99095 0
88.2 -0.34552 -1.96906 0
88.3 -0.495687 -1.9372 0
88.4 -0.618396 -1.90172 0
88.5 -0.709354 -1.86952 0
88.6 -0.764978 -1.84645 0
88.7 -0.782104 -1.83663 0
88.8 -0.758386 -1.84259 0
88.9 -0.692871 -1.86494 0
89 -0.58624 -1.90107 0
89.1 -0.441186 -1.94358 0
89.2 -0.263912 -1.98036 0
89.3 -0.0662033 -1.99874 0
89.4 0.135116 -1.99289 0
89.5 0.323013 -1.96726 0
89.6 0.484852 -1.93209 0
89.7 0.61305 -1.89699 0
89.8 0.703743 -1.86839 0
89.9 0.755765 -1.85031 0
90 0.769804 -1.84545 0
90.1 0.747181 -1.85486 0
90.2 0.688817 -1.87693 0
90.3 0.595255 -1.90743 0
90.4 0.467764 -1.94075 0
90.5 0.309741 -1.9711 0
90.6 0.127706 -1.99232 0
90.7 -0.0680166 -1.99771 0
90.8 -0.263192 -1.98235 0
90.9 -0.441741 -1.94755 0
91 -0.590087 -1.90269 0
91.1 -0.700075 -1.86096 0
91.2 -0.768187 -1.8334 0
91.3 -0.793277 -1.82566 0
91.4 -0.775317 -1.83773 0
91.5 -0.715552 -1.86534 0
91.6 -0.617196 -1.90185 0
91.7 -0.485659 -1.93999 0
91.8 -0.328113 -1.97274 0
91.9 -0.152898 -1.99401 0
92 0.0308428 -1.9996 0
92.1 0.213446 -1.98835 0
92.2 0.385082 -1.96241 0
92.3 0.536192 -1.92655 0
92.4 0.658077 -1.88722 0
92.5 0.743741 -1.85208 0
92.6 0.788651 -1.82901 0
92.7 0.79071 -1.8244 0
92.8 0.749445 -1.84089 0
92.9 0.665326 -1.87578 0
93 0.540296 -1.92053 0
93.1 0.379722 -1.96262 0
93.2 0.194214 -1.99029 0
93.3 -0.00142911 -1.99793 0
93.4 -0.192078 -1.98701 0
93.5 -0.365461 -1.96273 0
93.6 -0.512997 -1.93093 0
93.7 -0.629445 -1.8975 0
93.8 -0.712145 -1.86857 0
93.9 -0.759808 -1.84969 0
94 -0.771231 -1.84431 0
94.1 -0.744819 -1.85317 0
94.2 -0.679197 -1.87502 0
94.3 -0.574358 -1.9071 0
94.4 -0.432527 -1.94443 0
94.5 -0.258971 -1.97851 0
94.6 -0.0634507 -1.99813 0
94.7 0.138898 -1.99449 0
94.8 0.330309 -1.96794 0
94.9 0.495939 -1.92831 0
95 0.626706 -1.88836 0
95.1 0.71813 -1.85772 0
95.2 0.768455 -1.8413 0
95.3 0.777814 -1.8404 0
95.4 0.747859 -1.85417 0
95.5 0.681118 -1.88005 0
95.6 0.580372 -1.91347 0
95.7 0.448737 -1.94806 0
95.8 0.290488 -1.97703 0
95.9 0.112032 -1.99469 0
96 -0.077557 -1.99699 0
96.1 -0.266549 -1.98174 0
96.2 -0.441469 -1.94987 0
96.3 -0.589411 -1.90726 0
96.4 -0.700891 -1.86434 0
96.5 -0.770926 -1.83254 0
96.6 -0.797757 -1.82011 0
96.7 -0.78103 -1.82986 0
96.8 -0.721125 -1.85872 0
96.9 -0.619958 -1.8989 0
97 -0.482457 -1.94043 0
97.1 -0.317173 -1.9743 0
97.2 -0.135196 -1.99453 0
97.3 0.0517583 -1.99835 0
97.4 0.232812 -1.98576 0
97.5 0.398658 -1.95949 0
97.6 0.541762 -1.92492 0
97.7 0.656125 -1.88884 0
97.8 0.736825 -1.85796 0
97.9 0.779804 -1.83793 0
98 0.782113 -1.83307 0
98.1 0.742264 -1.8459 0
98.2 0.660249 -1.8758 0
98.3 0.537583 -1.91738 0
98.4 0.378354 -1.96001 0
98.5 0.191388 -1.99035 0
98.6 -0.00876042 -1.99879 0
98.7 -0.204909 -1.98497 0
98.8 -0.382334 -1.95627 0
98.9 -0.53108 -1.92189 0
99 -0.645385 -1.88911 0
99.1 -0.722651 -1.86319 0
99.2 -0.762537 -1.84826 0
99.3 -0.765724 -1.84713 0
99.4 -0.732668 -1.86013 0
99.5 -0.663266 -1.88472 0
99.6 -0.557702 -1.91644 0
99.7 -0.417844 -1.95004 0
99.8 -0.248375 -1.97936 0
99.9 -0.0576428 -1.99676 0
100 0.141604 -1.99466 0
100.1 0.333108 -1.97028 0
100.2 0.501096 -1.92972 0
100.3 0.634587 -1.88548 0
100.4 0.728043 -1.85005 0
100.5 0.779294 -1.83135 0
100.6 0.787804 -1.8318 0
100.7 0.754302 -1.84942 0
100.8 0.681108 -1.87952 0
100.9 0.572246 -1.91605 0
101 0.433157 -1.95227 0
101.1 0.270445 -1.98134 0
101.2 0.091898 -1.99745 0
101.3 -0.0934406 -1.99725 0
101.4 -0.275448 -1.98053 0
101.5 -0.443416 -1.94999 0
101.6 -0.586912 -1.91086 0
101.7 -0.697074 -1.87072 0
101.8 -0.767836 -1.83852 0
101.9 -0.796166 -1.8225 0
102 -0.781121 -1.82758 0
102.1 -0.722772 -1.85351 0
102.2 -0.622163 -1.8942 0
102.3 -0.482749 -1.93881 0
102.4 -0.312372 -1.97528 0
102.5 -0.123504 -1.9952 0
102.6 0.0693644 -1.99636 0
102.7 0.253009 -1.98118 0
102.8 0.417146 -1.95415 0
102.9 0.554646 -1.9207 0
103 0.661099 -1.88721 0
103.1 0.73388 -1.86013 0
103.2 0.770975 -1.8445 0
103.3 0.770303 -1.84297 0
103.4 0.729988 -1.85608 0
103.5 0.649241 -1.88268 0
103.6 0.529098 -1.91923 0
103.7 0.373043 -1.95844 0
103.8 0.188319 -1.98909 0
103.9 -0.0124075 -1.99983 0
104 -0.211956 -1.98614 0
104.1 -0.393563 -1.95386 0
104.2 -0.545367 -1.91465 0
104.3 -0.660735 -1.87918 0
104.4 -0.736554 -1.85412 0
104.5 -0.772064 -1.84264 0
104.6 -0.768247 -1.84577 0
104.7 -0.727006 -1.86282 0
104.8 -0.650322 -1.89086 0
104.9 -0.540134 -1.92463 0
105 -0.399162 -1.95763 0
105.1 -0.232096 -1.9836 0
105.2 -0.0464814 -1.99714 0
105.3 0.146913 -1.99383 0
105.4 0.334459 -1.97157 0
105.5 0.501653 -1.93344 0
105.6 0.636544 -1.88867 0
105.7 0.731986 -1.84945 0
105.8 0.784981 -1.82609 0
105.9 0.794663 -1.82384 0
106 0.761072 -1.84218 0
106.1 0.685383 -1.87567 0
106.2 0.571 -1.91597 0
106.3 0.424335 -1.95431 0
106.4 0.254407 -1.98342 0
106.5 0.071617 -1.99829 0
106.6 -0.113431 -1.9965 0
106.7 -0.290712 -1.97859 0
106.8 -0.451245 -1.94828 0
106.9 -0.58727 -1.91156 0
107 -0.692217 -1.87534 0
107.1 -0.76077 -1.84637 0
107.2 -0.789147 -1.83068 0
107.3 -0.775309 -1.83272 0
107.4 -0.718737 -1.85393 0
107.5 -0.620143 -1.89111 0
107.6 -0.482031 -1.93558 0
107.7 -0.310594 -1.97457 0
107.8 -0.117547 -1.99623 0
107.9 0.0811076 -1.99575 0
108 0.269552 -1.97669 0
108.1 0.435676 -1.94662 0
108.2 0.57164 -1.91291 0
108.3 0.673125 -1.88161 0
108.4 0.738474 -1.858 0
108.5 0.767501 -1.84644 0
108.6 0.76015 -1.84916 0
108.7 0.715827 -1.8655 0
108.8 0.633913 -1.89254 0
108.9 0.515024 -1.92602 0
109 0.362166 -1.96039 0
109.1 0.181635 -1.98787 0
109.2 -0.0159068 -1.99915 0
109.3 -0.215162 -1.98766 0
109.4 -0.399078 -1.95524 0
109.5 -0.553903 -1.91237 0
109.6 -0.671593 -1.87207 0
109.7 -0.748483 -1.84419 0
109.8 -0.783275 -1.8334 0
109.9 -0.776176 -1.83996 0
110 -0.728847 -1.86126 0
110.1 -0.644296 -1.89289 0
110.2 -0.526536 -1.92908 0
110.3 -0.380468 -1.96301 0
110.4 -0.212212 -1.98793 0
110.5 -0.0295793 -1.99875 0
110.6 0.157762 -1.99296 0
110.7 0.338598 -1.9708 0
110.8 0.501071 -1.93547 0
110.9 0.634319 -1.89356 0
111 0.73035 -1.85446 0
111.1 0.784795 -1.82797 0
111.2 0.796053 -1.82123 0
111.3 0.763857 -1.8364 0
111.4 0.688699 -1.86991 0
111.5 0.572695 -1.91304 0
111.6 0.421363 -1.95452 0
111.7 0.24458 -1.98453 0
111.8 0.0552549 -1.99778 0
111.9 -0.133419 -1.9936 0
112 -0.310032 -1.97431 0
112.1 -0.465752 -1.94418 0
112.2 -0.594312 -1.9092 0
112.3 -0.691452 -1.87621 0
112.4 -0.753999 -1.85145 0
112.5 -0.779177 -1.83932 0
112.6 -0.764621 -1.84226 0
112.7 -0.708956 -1.86089 0
112.8 -0.612339 -1.89338 0
112.9 -0.476853 -1.93402 0
113 -0.307524 -1.97251 0
113.1 -0.114237 -1.9963 0
113.2 0.0876242 -1.99683 0
113.3 0.280593 -1.9752 0
113.4 0.450358 -1.94059 0
113.5 0.587841 -1.90368 0
113.6 0.688181 -1.87244 0
113.7 0.749433 -1.85165 0
113.8 0.771742 -1.84409 0
113.9 0.756402 -1.85093 0
114 0.704784 -1.8711 0
114.1 0.617944 -1.90085 0
114.2 0.497281 -1.93455 0
114.3 0.345823 -1.96605 0
114.4 0.169349 -1.98928 0
114.5 -0.0229167 -1.99818 0
114.6 -0.218083 -1.98782 0
114.7 -0.400842 -1.95781 0
114.8 -0.556961 -1.91499 0
114.9 -0.676739 -1.87142 0
115 -0.755438 -1.83896 0
115.1 -0.791363 -1.82516 0
115.2 -0.784169 -1.83197 0
115.3 -0.734533 -1.85635 0
115.4 -0.64481 -1.89194 0
115.5 -0.519691 -1.93101 0
115.6 -0.366155 -1.966 0
115.7 -0.192831 -1.99046 0
115.8 -0.00929573 -1.9998 0
115.9 0.174477 -1.99221 0
116 0.348608 -1.96922 0
116.1 0.50377 -1.93531 0
116.2 0.631587 -1.89683 0
116.3 0.72512 -1.86103 0
116.4 0.779411 -1.83535 0
116.5 0.791704 -1.82613 0
116.6 0.761027 -1.83694 0
116.7 0.687557 -1.86683 0
116.8 0.572704 -1.9093 0
116.9 0.420552 -1.95303 0
117 0.239945 -1.98542 0
117.1 0.0447206 -1.99829 0
117.2 -0.149425 -1.99104 0
117.3 -0.328864 -1.96859 0
117.4 -0.48374 -1.93743 0
117.5 -0.60783 -1.90377 0
117.6 -0.697868 -1.87365 0
117.7 -0.752505 -1.85265 0
117.8 -0.770983 -1.84476 0
117.9 -0.752248 -1.85127 0
118 -0.695095 -1.87103 0
118.1 -0.599183 -1.90118 0
118.2 -0.466119 -1.9372 0
118.3 -0.300301 -1.97189 0
118.4 -0.110067 -1.99525 0
118.5 0.091182 -1.99777 0
118.6 0.286335 -1.97673 0
118.7 0.459402 -1.93919 0
118.8 0.599572 -1.89759 0
118.9 0.701195 -1.86308 0
119 0.761847 -1.84234 0
119.1 0.78106 -1.83773 0
119.2 0.759916 -1.8487 0
119.3 0.700674 -1.87275 0
119.4 0.606262 -1.90554 0
119.5 0.480101 -1.94096 0
119.6 0.326595 -1.97209 0
119.7 0.151939 -1.99271 0
119.8 -0.0353143 -1.9984 0
119.9 -0.224222 -1.98692 0
120 -0.402106 -1.95884 0
120.1 -0.556274 -1.91881 0
120.2 -0.676509 -1.87577 0
120.3 -0.756658 -1.84062 0
120.4 -0.794121 -1.82251 0
120.5 -0.788207 -1.826 0
120.6 -0.739047 -1.84998 0
120.7 -0.647889 -1.88809 0
120.8 -0.51848 -1.93059 0
120.9 -0.358262 -1.96747 0
121 -0.178004 -1.99142 0
121.1 0.0100785 -1.9989 0
121.2 0.19427 -1.98961 0
121.3 0.364499 -1.96596 0
121.4 0.512748 -1.93283 0
121.5 0.632937 -1.89684 0
121.6 0.72039 -1.86491 0
121.7 0.771314 -1.84286 0
121.8 0.782713 -1.83499 0
121.9 0.752713 -1.84384 0
122 0.680836 -1.86943 0
122.1 0.56814 -1.9079 0
122.2 0.417871 -1.95049 0
122.3 0.237244 -1.98469 0
122.4 0.0390669 -1.99923 0
122.5 -0.159847 -1.99052 0
122.6 -0.343556 -1.96406 0
122.7 -0.50055 -1.92937 0
122.8 -0.623906 -1.89498 0
122.9 -0.710159 -1.86693 0
123 -0.758364 -1.84951 0
123.1 -0.769073 -1.84564 0
123.2 -0.743112 -1.85616 0
123.3 -0.680886 -1.87913 0
123.4 -0.582774 -1.91023 0
123.5 -0.450344 -1.944 0
123.6 -0.287609 -1.9744 0
123.7 -0.101926 -1.99449 0
123.8 0.0953229 -1.9971 0
123.9 0.289037 -1.97821 0
124 0.463305 -1.94124 0
124.1 0.605739 -1.89688 0
124.2 0.709352 -1.85789 0
124.3 0.771189 -1.83384 0
124.4 0.790322 -1.82899 0
124.5 0.767006 -1.84268 0
124.6 0.70288 -1.8707 0
124.7 0.601362 -1.90688 0
124.8 0.467659 -1.94426 0
124.9 0.308498 -1.97579 0
125 0.131895 -1.99534 0
125.1 -0.0529816 -1.99891 0
125.2 -0.236087 -1.98565 0
125.3 -0.406996 -1.95789 0
125.4 -0.555609 -1.9206 0
125.5 -0.673099 -1.88079 0
125.6 -0.752931 -1.84678 0
125.7 -0.791327 -1.82667 0
125.8 -0.786772 -1.82612 0
125.9 -0.739054 -1.84646 0
126 -0.648876 -1.88354 0
126.1 -0.518774 -1.92798 0
126.2 -0.355057 -1.96765 0
126.3 -0.168924 -1.99234 0
126.4 0.0251836 -1.99778 0
126.5 0.213078 -1.98555 0
126.6 0.383282 -1.96027 0
126.7 0.527664 -1.92758 0
126.8 0.641132 -1.89371 0
126.9 0.720853 -1.86508 0
127 0.765083 -1.84713 0
127.1 0.772186 -1.84303 0
127.2 0.740473 -1.85355 0
127.3 0.668908 -1.8775 0
127.4 0.558007 -1.91176 0
127.5 0.410569 -1.95024 0
127.6 0.232687 -1.9832 0
127.7 0.0353098 -1.99935 0
127.8 -0.165625 -1.9918 0
127.9 -0.352888 -1.96327 0
128 -0.51301 -1.9242 0
128.1 -0.637957 -1.88621 0
128.2 -0.723761 -1.85757 0
128.3 -0.769011 -1.84256 0
128.4 -0.774126 -1.84259 0
128.5 -0.740752 -1.85713 0
128.6 -0.671013 -1.88359 0
128.7 -0.567163 -1.91712 0
128.8 -0.432047 -1.95127 0
128.9 -0.270121 -1.97944 0
129 -0.0883664 -1.99591 0
129.1 0.103277 -1.99631 0
129.2 0.292123 -1.97836 0
129.3 0.464162 -1.94393 0
129.4 0.606909 -1.90046 0
129.5 0.71199 -1.85922 0
129.6 0.775367 -1.83105 0
129.7 0.795688 -1.82278 0
129.8 0.772755 -1.83575 0
129.9 0.707271 -1.86599 0
130 0.601738 -1.90573 0
130.1 0.461567 -1.94575 0
130.2 0.295257 -1.97785 0
130.3 0.113352 -1.99631 0
130.4 -0.0730053 -1.99822 0
130.5 -0.253211 -1.98363 0
130.6 -0.417873 -1.95567 0
130.7 -0.559103 -1.92002 0
130.8 -0.670454 -1.88359 0
130.9 -0.746747 -1.85319 0
131 -0.784085 -1.83477 0
131.1 -0.780027 -1.83279 0
131.2 -0.733613 -1.84927 0
131.3 -0.645186 -1.88238 0
131.4 -0.516679 -1.92523 0
131.5 -0.35303 -1.96633 0
131.6 -0.164208 -1.99313 0
131.7 0.0347781 -1.9982 0
131.8 0.227525 -1.98273 0
131.9 0.400528 -1.95386 0
132 0.544681 -1.91977 0
132.1 0.654706 -1.88719 0
132.2 0.728263 -1.86158 0
132.3 0.764924 -1.84741 0
132.4 0.764889 -1.84737 0
132.5 0.728039 -1.86144 0
132.6 0.654 -1.88698 0
132.7 0.543172 -1.91966 0
132.8 0.397984 -1.95407 0
132.9 0.22387 -1.98317 0
133 0.0302177 -1.99843 0
133.1 -0.169087 -1.99262 0
133.2 -0.357435 -1.96506 0
133.3 -0.520014 -1.92382 0
133.4 -0.647218 -1.88154 0
133.5 -0.734336 -1.84933 0
133.6 -0.779535 -1.83359 0
133.7 -0.782566 -1.83592 0
133.8 -0.744525 -1.85431 0
133.9 -0.667926 -1.88448 0
134 -0.556581 -1.92066 0
134.1 -0.41545 -1.95606 0
134.2 -0.250749 -1.98376 0
134.3 -0.0702499 -1.99812 0
134.4 0.116602 -1.996 0
134.5 0.298986 -1.97725 0
134.6 0.465457 -1.9447 0
134.7 0.605251 -1.90424 0
134.8 0.709885 -1.86438 0
134.9 0.774151 -1.83459 0
135 0.795757 -1.82256 0
135.1 0.774104 -1.8319 0
135.2 0.709449 -1.86083 0
135.3 0.603283 -1.90219 0
135.4 0.459893 -1.94519 0
135.5 0.287847 -1.97897 0
135.6 0.0995356 -1.9965 0
135.7 -0.0913543 -1.99597 0
135.8 -0.272451 -1.97943 0
135.9 -0.433977 -1.95109 0
136 -0.568959 -1.91668 0
136.1 -0.672809 -1.88294 0
136.2 -0.742458 -1.85633 0
136.3 -0.775437 -1.84171 0
136.4 -0.769537 -1.84179 0
136.5 -0.723188 -1.85723 0
136.6 -0.636114 -1.88659 0
136.7 -0.509858 -1.92526 0
136.8 -0.348569 -1.96451 0
136.9 -0.160607 -1.99248 0
137 0.0402267 -1.99911 0
137.1 0.236736 -1.98245 0
137.2 0.41338 -1.9497 0
137.3 0.559575 -1.91179 0
137.4 0.669405 -1.87799 0
137.5 0.740175 -1.85416 0
137.6 0.771437 -1.84353 0
137.7 0.764197 -1.84746 0
137.8 0.719951 -1.86529 0
137.9 0.640082 -1.8938 0
138 0.526153 -1.9276 0
138.1 0.380977 -1.96032 0
138.2 0.209772 -1.98573 0
138.3 0.0209247 -1.99792 0
138.4 -0.173721 -1.992 0
138.5 -0.359654 -1.96656 0
138.6 -0.522432 -1.92647 0
138.7 -0.651181 -1.88235 0
138.8 -0.73993 -1.84621 0
138.9 -0.786299 -1.82695 0
139 -0.789642 -1.82825 0
139.1 -0.750269 -1.84856 0
139.2 -0.669854 -1.88228 0
139.3 -0.552263 -1.92163 0
139.4 -0.403916 -1.95855 0
139.5 -0.233353 -1.98606 0
139.6 -0.0503999 -1.99909 0
139.7 0.134623 -1.99524 0
139.8 0.311574 -1.97537 0
139.9 0.47103 -1.9435 0
140 0.604681 -1.90577 0
140.1 0.705625 -1.86936 0
140.2 0.768693 -1.84149 0
140.3 0.790669 -1.82846 0
140.4 0.770118 -1.83436 0
140.5 0.706897 -1.85945 0
140.6 0.60203 -1.89897 0
140.7 0.458689 -1.94306 0
140.8 0.284169 -1.97919 0
140.9 0.0909748 -1.99734 0
141 -0.105269 -1.99453 0
141.1 -0.289902 -1.97462 0
141.2 -0.451825 -1.94435 0
141.3 -0.583783 -1.91043 0
141.4 -0.681751 -1.87905 0
141.5 -0.744018 -1.85586 0
141.6 -0.769949 -1.84521 0
141.7 -0.758883 -1.84904 0
141.8 -0.709884 -1.86658 0
141.9 -0.622478 -1.89503 0
142 -0.497789 -1.93004 0
142.1 -0.339493 -1.96517 0
142.2 -0.15482 -1.99144 0
142.3 0.0443199 -1.99928 0
142.4 0.24179 -1.9839 0
142.5 0.421071 -1.94961 0
142.6 0.569849 -1.90771 0
142.7 0.681198 -1.87015 0
142.8 0.751969 -1.84514 0
142.9 0.781186 -1.83636 0
143 0.769413 -1.84395 0
143.1 0.718501 -1.86565 0
143.2 0.63123 -1.89733 0
143.3 0.511086 -1.93313 0
143.4 0.362518 -1.96612 0
143.5 0.191577 -1.98969 0
143.6 0.00646371 -1.9989 0
143.7 -0.182395 -1.99114 0
143.8 -0.362874 -1.96663 0
143.9 -0.522519 -1.92917 0
144 -0.650686 -1.8866 0
144.1 -0.740297 -1.84918 0
144.2 -0.787914 -1.82642 0
144.3 -0.792413 -1.82415 0
144.4 -0.753717 -1.84296 0
144.5 -0.672651 -1.87804 0
144.6 -0.552036 -1.92043 0
144.7 -0.398133 -1.95973 0
144.8 -0.22095 -1.9874 0
144.9 -0.032762 -1.99875 0
145 0.154084 -1.99293 0
145.1 0.328734 -1.972 0
145.2 0.482505 -1.94046 0
145.3 0.608931 -1.90468 0
145.4 0.703288 -1.87163 0
145.5 0.761942 -1.84748 0
145.6 0.781976 -1.83676 0
145.7 0.761325 -1.8421 0
145.8 0.699139 -1.86392 0
145.9 0.596047 -1.89938 0
146 0.454657 -1.94122 0
146.1 0.280948 -1.97807 0
146.2 0.0860687 -1.99802 0
146.3 -0.114059 -1.99491 0
146.4 -0.302842 -1.9718 0
146.5 -0.46736 -1.9377 0
146.6 -0.599482 -1.90199 0
146.7 -0.694871 -1.8717 0
146.8 -0.751922 -1.85155 0
146.9 -0.770838 -1.84471 0
147 -0.752519 -1.85241 0
147.1 -0.697693 -1.87331 0
147.2 -0.606949 -1.90349 0
147.3 -0.481697 -1.93744 0
147.4 -0.325432 -1.96905 0
147.5 -0.144714 -1.99167 0
147.6 0.0501499 -1.99842 0
147.7 0.245122 -1.98461 0
147.8 0.42451 -1.95164 0
147.9 0.574955 -1.90832 0
148 0.688116 -1.86702 0
148.1 0.760124 -1.83837 0
148.2 0.78962 -1.82824 0
148.3 0.776521 -1.83742 0
148.4 0.721936 -1.86257 0
148.5 0.628633 -1.89775 0
148.6 0.501324 -1.93583 0
148.7 0.346542 -1.96952 0
148.8 0.172344 -1.99233 0
148.9 -0.0119921 -1.99971 0
149 -0.196352 -1.99008 0
149.1 -0.370333 -1.9652 0
149.2 -0.523926 -1.9297 0
149.3 -0.648295 -1.89027 0
149.4 -0.736606 -1.85487 0
149.5 -0.784529 -1.83143 0
149.6 -0.790022 -1.82605 0
149.7 -0.752547 -1.84118 0
149.8 -0.672539 -1.87425 0
149.9 -0.551906 -1.91744 0
150 -0.395702 -1.95921 0
150.1 -0.213713 -1.98832 0
150.2 -0.0197911 -1.99844 0
150.3 0.171338 -1.98974 0
150.4 0.347134 -1.96656 0
150.5 0.498434 -1.93473 0
150.6 0.619334 -1.90053 0
150.7 0.706531 -1.87037 0
150.8 0.758254 -1.84997 0
150.9 0.773143 -1.84307 0
151 0.749758 -1.85087 0
151.1 0.686987 -1.87235 0
151.2 0.584962 -1.90462 0
151.3 0.445889 -1.94233 0
151.4 0.274953 -1.97689 0
151.5 0.081695 -1.9975 0
151.6 -0.119295 -1.99585 0
151.7 -0.31089 -1.97186 0
151.8 -0.478394 -1.93418 0
151.9 -0.612364 -1.8946 0
152 -0.70789 -1.86266 0
152.1 -0.762948 -1.84387 0
152.2 -0.777435 -1.84037 0
152.3 -0.752616 -1.85196 0
152.4 -0.690516 -1.87638 0
152.5 -0.593487 -1.90919 0
152.6 -0.46443 -1.94413 0
152.7 -0.307621 -1.97439 0
152.8 -0.129608 -1.99387 0
152.9 0.060288 -1.99793 0
153 0.25009 -1.98402 0
153.1 0.426242 -1.95319 0
153.2 0.575997 -1.91149 0
153.3 0.690032 -1.86921 0
153.4 0.76331 -1.83728 0
153.5 0.793894 -1.82362 0
153.6 0.781339 -1.83115 0
153.7 0.726042 -1.85744 0
153.8 0.629828 -1.89565 0
153.9 0.497137 -1.93662 0
154 0.335651 -1.97144 0
154.1 0.15567 -1.99348 0
154.2 -0.0313834 -1.99916 0
154.3 -0.214368 -1.98801 0
154.4 -0.383353 -1.96259 0
154.5 -0.530072 -1.92816 0
154.6 -0.647937 -1.89153 0
154.7 -0.731782 -1.85969 0
154.8 -0.777675 -1.8387 0
154.9 -0.782944 -1.83315 0
155 -0.746274 -1.84546 0
155.1 -0.667662 -1.8747 0
155.2 -0.548582 -1.91545 0
155.3 -0.393038 -1.95757 0
155.4 -0.209479 -1.9886 0
155.5 -0.0116272 -1.99923 0
155.6 0.184108 -1.98815 0
155.7 0.36312 -1.96136 0
155.8 0.515051 -1.9273 0
155.9 0.633639 -1.89349 0
156 0.715799 -1.8658 0
156.1 0.760669 -1.84889 0
156.2 0.768437 -1.84585 0
156.3 0.739265 -1.85727 0
156.4 0.673025 -1.88099 0
156.5 0.570031 -1.91284 0
156.6 0.432266 -1.9474 0
156.7 0.264448 -1.97803 0
156.8 0.0749417 -1.99672 0
156.9 -0.123588 -1.99601 0
157 -0.315207 -1.97343 0
157.1 -0.484509 -1.93477 0
157.2 -0.620526 -1.89171 0
157.3 -0.71742 -1.85604 0
157.4 -0.772749 -1.8356 0
157.5 -0.78588 -1.83335 0
157.6 -0.757458 -1.84822 0
157.7 -0.689489 -1.87632 0
157.8 -0.585392 -1.91199 0
157.9 -0.449933 -1.94845 0
158 -0.289259 -1.97865 0
158.1 -0.111069 -1.99648 0
158.2 0.0753233 -1.99814 0
158.3 0.259286 -1.98289 0
158.4 0.429572 -1.95309 0
158.5 0.575447 -1.91413 0
158.6 0.688088 -1.87391 0
158.7 0.761633 -1.84154 0
158.8 0.793151 -1.82505 0
158.9 0.781668 -1.82905 0
159 0.727224 -1.85325 0
159.1 0.630888 -1.89204 0
159.2 0.496003 -1.9355 0
159.3 0.329836 -1.9724 0
159.4 0.143886 -1.99425 0
159.5 -0.048116 -1.99777 0
159.6 -0.233058 -1.98431 0
159.7 -0.400241 -1.95794 0
159.8 -0.54188 -1.92425 0
159.9 -0.652841 -1.88986 0
160 -0.729882 -1.86139 0
160.1 -0.770671 -1.84416 0
160.2 -0.773174 -1.84129 0
160.3 -0.735774 -1.85371 0
160.4 -0.657883 -1.88025 0
160.5 -0.540574 -1.91703 0
160.6 -0.387288 -1.95649 0
160.7 -0.205175 -1.98767 0
160.8 -0.00652924 -1.99983 0
160.9 0.192155 -1.98855 0
161 0.374593 -1.95873 0
161.1 0.528815 -1.9208 0
161.2 0.647784 -1.88489 0
161.3 0.728051 -1.85799 0
161.4 0.768587 -1.84402 0
161.5 0.770005 -1.84473 0
161.6 0.733711 -1.85985 0
161.7 0.661221 -1.88667 0
161.8 0.554197 -1.92014 0
161.9 0.415294 -1.95393 0
162 0.249275 -1.98153 0
162.1 0.0638536 -1.99694 0
162.2 -0.129955 -1.99516 0
162.3 -0.318344 -1.97408 0
162.4 -0.486889 -1.93704 0
162.5 -0.623849 -1.89327 0
162.6 -0.72212 -1.8545 0
162.7 -0.77855 -1.83052 0
162.8 -0.792143 -1.82646 0
162.9 -0.762945 -1.84224 0
163 -0.692134 -1.87328 0
163.1 -0.582818 -1.91217 0
163.2 -0.440677 -1.95056 0
163.3 -0.27385 -1.98092 0
163.4 -0.0921637 -1.99758 0
163.5 0.0938121 -1.99753 0
163.6 0.2736 -1.98096 0
163.7 0.437493 -1.9513 0
163.8 0.577013 -1.91442 0
163.9 0.685167 -1.87744 0
164 0.756624 -1.84757 0
164.1 0.787854 -1.83118 0
164.2 0.777041 -1.83273 0
164.3 0.723727 -1.85334 0
164.4 0.628612 -1.88963 0
164.5 0.494202 -1.93316 0
164.6 0.326524 -1.97202 0
164.7 0.136654 -1.99507 0
164.8 -0.0603362 -1.99716 0
164.9 -0.249157 -1.98052 0
165 -0.417572 -1.95163 0
165.1 -0.557283 -1.91764 0
165.2 -0.66344 -1.88503 0
165.3 -0.733804 -1.85962 0
165.4 -0.76761 -1.84609 0
165.5 -0.764403 -1.84696 0
165.6 -0.723488 -1.862 0
165.7 -0.644373 -1.88868 0
165.8 -0.527823 -1.92277 0
165.9 -0.376902 -1.95829 0
166 -0.197932 -1.98696 0
166.1 -0.00157162 -1.99943 0
166.2 0.1971 -1.98954 0
166.3 0.381477 -1.95919 0
166.4 0.538054 -1.91812 0
166.5 0.658618 -1.87843 0
166.6 0.739207 -1.84956 0
166.7 0.778358 -1.83647 0
166.8 0.776198 -1.84023 0
166.9 0.734153 -1.85908 0
167 0.654708 -1.88917 0
167.1 0.541213 -1.92487 0
167.2 0.398025 -1.95933 0
167.3 0.231018 -1.98569 0
167.4 0.0481038 -1.99845 0
167.5 -0.140658 -1.99448 0
167.6 -0.323504 -1.97348 0
167.7 -0.488141 -1.93862 0
167.8 -0.623625 -1.89686 0
167.9 -0.722146 -1.85786 0
168 -0.77949 -1.83127 0
168.1 -0.794051 -1.82383 0
168.2 -0.765528 -1.8375 0
168.3 -0.694461 -1.86896 0
168.4 -0.582986 -1.91032 0
168.5 -0.43628 -1.95127 0
168.6 -0.263366 -1.98239 0
168.7 -0.076185 -1.99776 0
168.8 0.11256 -1.99564 0
168.9 0.291319 -1.97763 0
169 0.450681 -1.94788 0
169.1 0.583607 -1.91246 0
169.2 0.685089 -1.87838 0
169.3 0.751477 -1.85209 0
169.4 0.779917 -1.8385 0
169.5 0.768275 -1.84052 0
169.6 0.715437 -1.85889 0
169.7 0.62166 -1.89148 0
169.8 0.48902 -1.93219 0
169.9 0.322529 -1.9708 0
170 0.131882 -1.99537 0
170.1 -0.0681431 -1.99787 0
170.2 -0.260807 -1.97891 0
170.3 -0.432033 -1.94633 0
170.4 -0.572471 -1.90988 0
170.5 -0.676885 -1.87746 0
170.6 -0.743002 -1.8545 0
170.7 -0.770578 -1.84449 0
170.8 -0.76039 -1.8491 0
170.9 -0.713304 -1.86755 0
171 -0.630057 -1.8964 0
171.1 -0.511958 -1.93032 0
171.2 -0.362084 -1.96311 0
171.3 -0.186325 -1.98817 0
171.4 0.0058915 -1.99874 0
171.5 0.201451 -1.98967 0
171.6 0.385033 -1.96086 0
171.7 0.542647 -1.91933 0
171.8 0.664755 -1.87676 0
171.9 0.746522 -1.84433 0
172 0.786087 -1.82926 0
172.1 0.783074 -1.83369 0
172.2 0.738201 -1.85535 0
172.3 0.653661 -1.88885 0
172.4 0.533561 -1.9271 0
172.5 0.384015 -1.96259 0
172.6 0.212901 -1.98847 0
172.7 0.029496 -1.99961 0
172.8 -0.155995 -1.99373 0
172.9 -0.333054 -1.97192 0
173 -0.491567 -1.93832 0
173.1 -0.62257 -1.89937 0
173.2 -0.718963 -1.86281 0
173.3 -0.775988 -1.83651 0
173.4 -0.791147 -1.82689 0
173.5 -0.763578 -1.83721 0
173.6 -0.693472 -1.86619 0
173.7 -0.582282 -1.90743 0
173.8 -0.43408 -1.95032 0
173.9 -0.257297 -1.98319 0
174 -0.0648584 -1.99809 0
174.1 0.128399 -1.99343 0
174.2 0.309085 -1.97283 0
174.3 0.467035 -1.94214 0
174.4 0.595477 -1.90776 0
174.5 0.690489 -1.87616 0
174.6 0.750047 -1.85329 0
174.7 0.77288 -1.84341 0
174.8 0.757744 -1.84828 0
174.9 0.703551 -1.86724 0
175 0.610157 -1.89761 0
175.1 0.479268 -1.93455 0
175.2 0.315313 -1.97028 0
175.3 0.126673 -1.9946 0
175.4 -0.073355 -1.99842 0
175.5 -0.268105 -1.97938 0
175.6 -0.442053 -1.94407 0
175.7 -0.584431 -1.90386 0
175.8 -0.68932 -1.86915 0
175.9 -0.754066 -1.84663 0
176 -0.778083 -1.83934 0
176.1 -0.762241 -1.8476 0
176.2 -0.708334 -1.86957 0
176.3 -0.618648 -1.90118 0
176.4 -0.496027 -1.93647 0
176.5 -0.344549 -1.96856 0
176.6 -0.170381 -1.99099 0
176.7 0.0176659 -1.99872 0
176.8 0.208157 -1.98878 0
176.9 0.387903 -1.96149 0
177 0.544004 -1.92185 0
177.1 0.666395 -1.87919 0
177.2 0.749124 -1.84433 0
177.3 0.789626 -1.82596 0
177.4 0.787163 -1.82825 0
177.5 0.74191 -1.8502 0
177.6 0.655206 -1.8861 0
177.7 0.530642 -1.92724 0
177.8 0.374983 -1.96431 0
177.9 0.197976 -1.98982 0
178 0.0110491 -1.99937 0
178.1 -0.174262 -1.9918 0
178.2 -0.347474 -1.96912 0
178.3 -0.499803 -1.93613 0
178.4 -0.62431 -1.89945 0
178.5 -0.715681 -1.8662 0
178.6 -0.769912 -1.8427 0
178.7 -0.784191 -1.8338 0
178.8 -0.756943 -1.84225 0
178.9 -0.687858 -1.86784 0
179 -0.578022 -1.90626 0
179.1 -0.430714 -1.94863 0
179.2 -0.253112 -1.98298 0
179.3 -0.0575828 -1.99885 0
179.4 0.139897 -1.99265 0
179.5 0.323974 -1.96872 0
179.6 0.483119 -1.93533 0
179.7 0.610062 -1.90054 0
179.8 0.70095 -1.8708 0
179.9 0.754391 -1.85109 0
180 0.770376 -1.84488 0
180.1 0.749174 -1.85334 0
180.2 0.69083 -1.87489 0
180.3 0.595627 -1.90566 0
180.4 0.465197 -1.9403 0
180.5 0.303647 -1.97236 0
180.6 0.118483 -1.99416 0
180.7 -0.0786787 -1.9981 0
180.8 -0.272646 -1.98044 0
180.9 -0.447748 -1.94496 0
181 -0.591895 -1.9021 0
181.1 -0.69811 -1.86384 0
181.2 -0.763265 -1.83913 0
181.3 -0.786346 -1.83226 0
181.4 -0.767643 -1.84318 0
181.5 -0.708711 -1.86864 0
181.6 -0.612509 -1.90326 0
181.7 -0.483443 -1.94034 0
181.8 -0.327418 -1.9727 0
181.9 -0.151959 -1.99384 0
182 0.0337545 -1.99933 0
182.1 0.21919 -1.98772 0
182.2 0.393144 -1.96079 0
182.3 0.544803 -1.92342 0
182.4 0.665029 -1.88309 0
182.5 0.747421 -1.84864 0
182.6 0.78848 -1.8283 0
182.7 0.786844 -1.82744 0
182.8 0.742336 -1.84698 0
182.9 0.655719 -1.88267 0
183 0.529619 -1.92571 0
183.1 0.370143 -1.96497 0
183.2 0.187713 -1.9909 0
183.3 -0.00427275 -1.99872 0
183.4 -0.192243 -1.98874 0
183.5 -0.364671 -1.96464 0
183.6 -0.512929 -1.93189 0
183.7 -0.631213 -1.89702 0
183.8 -0.715906 -1.86678 0
183.9 -0.764627 -1.84686 0
184 -0.775452 -1.84093 0
184.1 -0.74678 -1.85031 0
184.2 -0.677821 -1.87414 0
184.3 -0.569251 -1.90906 0
184.4 -0.423913 -1.94841 0
184.5 -0.247968 -1.98208 0
184.6 -0.0523669 -1.99913 0
184.7 0.147323 -1.9933 0
184.8 0.334504 -1.96718 0
184.9 0.496019 -1.93016 0
185 0.623687 -1.89279 0
185.1 0.713267 -1.86301 0
185.2 0.763162 -1.84562 0
185.3 0.773565 -1.84288 0
185.4 0.74567 -1.85496 0
185.5 0.680976 -1.87966 0
185.6 0.581153 -1.91238 0
185.7 0.448692 -1.94691 0
185.8 0.287957 -1.97658 0
185.9 0.106079 -1.99514 0
186 -0.0866155 -1.99737 0
186.1 -0.276922 -1.98052 0
186.2 -0.450516 -1.94671 0
186.3 -0.595017 -1.9039 0
186.4 -0.702307 -1.86335 0
186.5 -0.768432 -1.83538 0
186.6 -0.791985 -1.82631 0
186.7 -0.772786 -1.83737 0
186.8 -0.711654 -1.86516 0
186.9 -0.611063 -1.90286 0
187 -0.475922 -1.94216 0
187.1 -0.313761 -1.97506 0
187.2 -0.134158 -1.99526 0
187.3 0.052225 -1.99907 0
187.4 0.234607 -1.98596 0
187.5 0.402907 -1.95874 0
187.6 0.548312 -1.9229 0
187.7 0.66359 -1.88547 0
187.8 0.743204 -1.85373 0
187.9 0.783373 -1.83425 0
188 0.781978 -1.83181 0
188.1 0.73828 -1.84823 0
188.2 0.652695 -1.88119 0
188.3 0.527212 -1.92356 0
188.4 0.366838 -1.96423 0
188.5 0.18129 -1.99161 0
188.6 -0.0152243 -1.99871 0
188.7 -0.20718 -1.98595 0
188.8 -0.381391 -1.95906 0
188.9 -0.528527 -1.92534 0
189 -0.642885 -1.89167 0
189.1 -0.721603 -1.86409 0
189.2 -0.763621 -1.84763 0
189.3 -0.768512 -1.84533 0
189.4 -0.735744 -1.85758 0
189.5 -0.664849 -1.88226 0
189.6 -0.556327 -1.91536 0
189.7 -0.412718 -1.95117 0
189.8 -0.23957 -1.98192 0
189.9 -0.0464788 -1.99849 0
190 0.15251 -1.99383 0
190.1 0.340991 -1.9678 0
190.2 0.504573 -1.92843 0
190.3 0.633821 -1.88753 0
190.4 0.723888 -1.85535 0
190.5 0.772799 -1.83807 0
190.6 0.780296 -1.83774 0
190.7 0.747421 -1.8533 0
190.8 0.67631 -1.88131 0
190.9 0.57005 -1.91643 0
191 0.432775 -1.95196 0
191.1 0.270109 -1.98083 0
191.2 0.0896623 -1.99709 0
191.3 -0.098811 -1.99696 0
191.4 -0.283794 -1.97954 0
191.5 -0.453061 -1.94736 0
191.6 -0.595395 -1.90666 0
191.7 -0.702365 -1.86659 0
191.8 -0.769057 -1.83682 0
191.9 -0.79337 -1.82474 0
192 -0.774753 -1.83346 0
192.1 -0.713527 -1.86098 0
192.2 -0.611325 -1.90056 0
192.3 -0.472402 -1.94237 0
192.4 -0.304735 -1.97648 0
192.5 -0.119641 -1.99585 0
192.6 0.070118 -1.99765 0
192.7 0.252446 -1.98283 0
192.8 0.417216 -1.95511 0
192.9 0.556722 -1.92029 0
193 0.665497 -1.88533 0
193.1 0.739699 -1.85694 0
193.2 0.776462 -1.84045 0
193.3 0.773617 -1.83918 0
193.4 0.72988 -1.85423 0
193.5 0.645197 -1.88402 0
193.6 0.52119 -1.92339 0
193.7 0.362088 -1.9631 0
193.8 0.176338 -1.99153 0
193.9 -0.0224988 -1.99941 0
194 -0.217926 -1.98509 0
194.1 -0.395006 -1.95485 0
194.2 -0.543224 -1.91834 0
194.3 -0.656412 -1.88414 0
194.4 -0.731616 -1.85839 0
194.5 -0.768105 -1.84512 0
194.6 -0.766414 -1.84642 0
194.7 -0.727408 -1.86207 0
194.8 -0.651886 -1.88919 0
194.9 -0.54106 -1.92274 0
195 -0.397647 -1.95654 0
195.1 -0.226948 -1.98393 0
195.2 -0.0376315 -1.99812 0
195.3 0.157988 -1.99355 0
195.4 0.345014 -1.96893 0
195.5 0.50905 -1.92973 0
195.6 0.639536 -1.88669 0
195.7 0.730663 -1.85128 0
195.8 0.780003 -1.83171 0
195.9 0.786887 -1.83139 0
196 0.751735 -1.84916 0
196.1 0.676264 -1.88037 0
196.2 0.563983 -1.91821 0
196.3 0.420448 -1.95507 0
196.4 0.25317 -1.98375 0
196.5 0.0712738 -1.99858 0
196.6 -0.115002 -1.99654 0
196.7 -0.294979 -1.97799 0
196.8 -0.458316 -1.9465 0
196.9 -0.595793 -1.90819 0
197 -0.700003 -1.87067 0
197.1 -0.765807 -1.84183 0
197.2 -0.790316 -1.82838 0
197.3 -0.772366 -1.83423 0
197.4 -0.711917 -1.85915 0
197.5 -0.610072 -1.898 0
197.6 -0.470136 -1.94117 0
197.7 -0.299332 -1.9771 0
197.8 -0.109493 -1.99657 0
197.9 0.0847981 -1.99631 0
198 0.26956 -1.97882 0
198.1 0.433704 -1.94966 0
198.2 0.569575 -1.91533 0
198.3 0.672551 -1.88244 0
198.4 0.740196 -1.85716 0
198.5 0.771161 -1.84422 0
198.6 0.764307 -1.84597 0
198.7 0.71859 -1.86223 0
198.8 0.633684 -1.89065 0
198.9 0.510872 -1.92673 0
199 0.353933 -1.96336 0
199.1 0.170269 -1.99084 0
199.2 -0.028007 -1.99966 0
199.3 -0.22489 -1.98569 0
199.4 -0.404377 -1.95348 0
199.5 -0.554524 -1.91352 0
199.6 -0.668371 -1.8767 0
199.7 -0.742589 -1.85071 0
199.8 -0.77613 -1.83954 0
199.9 -0.769483 -1.8442 0
200 -0.72416 -1.86331 0
200.1 -0.642274 -1.89329 0
200.2 -0.526517 -1.92848 0
200.3 -0.380716 -1.96206 0
200.4 -0.210657 -1.98729 0
200.5 -0.0246913 -1.99866 0
200.6 0.166199 -1.99267 0
200.7 0.34911 -1.96896 0
200.8 0.511021 -1.93159 0
200.9 0.641248 -1.88906 0
201 0.733014 -1.85194 0
201.1 0.783109 -1.82944 0
201.2 0.79047 -1.82681 0
201.3 0.755071 -1.84427 0
201.4 0.677902 -1.87731 0
201.5 0.56186 -1.91787 0
201.6 0.412802 -1.95661 0
201.7 0.239737 -1.98535 0
201.8 0.0538305 -1.99878 0
201.9 -0.133169 -1.99496 0
202 -0.310286 -1.97525 0
202.1 -0.468159 -1.94395 0
202.2 -0.599365 -1.90746 0
202.3 -0.698279 -1.87292 0
202.4 -0.760742 -1.84698 0
202.5 -0.783818 -1.83482 0
202.6 -0.765742 -1.83959 0
202.7 -0.705949 -1.86166 0
202.8 -0.605192 -1.89763 0
202.9 -0.466165 -1.93971 0
203 -0.29499 -1.97659 0
203.1 -0.102725 -1.9972 0
203.2 0.0953689 -1.99606 0
203.3 0.283548 -1.97566 0
203.4 0.449256 -1.9436 0
203.5 0.584212 -1.90826 0
203.6 0.683768 -1.87663 0
203.7 0.745956 -1.85414 0
203.8 0.770454 -1.84466 0
203.9 0.757498 -1.84992 0
204 0.70722 -1.86896 0
204.1 0.619875 -1.89832 0
204.2 0.496809 -1.93285 0
204.3 0.341591 -1.96618 0
204.4 0.160977 -1.99084 0
204.5 -0.0343349 -1.9991 0
204.6 -0.22989 -1.98624 0
204.7 -0.409971 -1.95431 0
204.8 -0.561588 -1.91241 0
204.9 -0.676671 -1.87238 0
205 -0.751339 -1.84397 0
205.1 -0.784173 -1.83261 0
205.2 -0.775156 -1.83934 0
205.3 -0.725471 -1.86168 0
205.4 -0.637623 -1.89472 0
205.5 -0.515574 -1.93193 0
205.6 -0.36485 -1.96607 0
205.7 -0.192682 -1.99031 0
205.8 -0.00805051 -1.99961 0
205.9 0.178595 -1.99176 0
206 0.356014 -1.96786 0
206.1 0.513214 -1.93227 0
206.2 0.640713 -1.89205 0
206.3 0.731612 -1.85587 0
206.4 0.781897 -1.83214 0
206.5 0.78983 -1.82682 0
206.6 0.755012 -1.84183 0
206.7 0.677965 -1.87415 0
206.8 0.56077 -1.91607 0
206.9 0.408543 -1.95691 0
207 0.230589 -1.98651 0
207.1 0.0396876 -1.9987 0
207.2 -0.150418 -1.99254 0
207.3 -0.327518 -1.97107 0
207.4 -0.482161 -1.93956 0
207.5 -0.607802 -1.90444 0
207.6 -0.700316 -1.87256 0
207.7 -0.757111 -1.84999 0
207.8 -0.776268 -1.84091 0
207.9 -0.756215 -1.84714 0
208 -0.696026 -1.86822 0
208.1 -0.596055 -1.90125 0
208.2 -0.458631 -1.94024 0
208.3 -0.289083 -1.97586 0
208.4 -0.0971767 -1.99721 0
208.5 0.102533 -1.99669 0
208.6 0.293468 -1.97477 0
208.7 0.461528 -1.93948 0
208.8 0.59741 -1.90133 0
208.9 0.696038 -1.86907 0
209 0.755241 -1.8483 0
209.1 0.774785 -1.84196 0
209.2 0.755596 -1.85073 0
209.3 0.699056 -1.87294 0
209.4 0.606763 -1.90448 0
209.5 0.481013 -1.93937 0
209.6 0.325788 -1.97087 0
209.7 0.147678 -1.99249 0
209.8 -0.0435946 -1.99863 0
209.9 -0.235351 -1.98594 0
