0 2 0 0
0.05 1.99992 -0.01225 0
0.09 1.99921 -0.03969 0
0.14 1.99541 -0.0960398 0
0.18 1.98757 -0.158758 0
0.22 1.97268 -0.237142 0
0.27 1.94003 -0.357083 0
0.32 1.88726 -0.50116 0
0.36 1.82795 -0.633353 0
0.4 1.75169 -0.779879 0
0.45 1.62985 -0.981354 0
0.49 1.50841 -1.15465 0
0.53 1.36232 -1.33488 0
0.58 1.13914 -1.56044 0
0.631 0.857773 -1.77077 0
0.671 0.597343 -1.89976 0
0.711 0.308829 -1.97575 0
0.751 0.00864631 -1.98824 0
0.791 -0.284642 -1.94381 0
0.841 -0.623962 -1.8327 0
0.881 -0.868068 -1.71731 0
0.931 -1.13741 -1.55652 0
0.971 -1.32401 -1.42194 0
1.011 -1.48416 -1.28553 0
1.051 -1.61652 -1.14869 0
1.091 -1.72025 -1.01223 0
1.141 -1.8119 -0.844292 0
1.181 -1.86012 -0.715116 0
1.221 -1.89219 -0.593845 0
1.261 -1.91332 -0.483196 0
1.311 -1.93032 -0.362853 0
1.352 -1.93997 -0.280742 0
1.392 -1.94776 -0.215918 0
1.442 -1.95707 -0.156793 0
1.482 -1.96496 -0.127255 0
1.522 -1.97333 -0.113515 0
1.562 -1.9816 -0.115438 0
1.602 -1.9884 -0.132786 0
1.652 -1.99129 -0.175726 0
1.692 -1.98512 -0.226801 0
1.742 -1.96079 -0.311501 0
1.782 -1.9245 -0.396211 0
1.822 -1.87179 -0.496309 0
1.862 -1.80258 -0.611939 0
1.902 -1.71724 -0.742955 0
1.952 -1.58778 -0.927523 0
1.992 -1.46464 -1.09039 0
2.043 -1.2781 -1.3136 0
2.083 -1.10374 -1.49512 0
2.123 -0.899418 -1.67319 0
2.163 -0.660471 -1.83304 0
2.203 -0.385631 -1.95074 0
2.253 -0.00851974 -1.99506 0
2.293 0.289934 -1.94042 0
2.343 0.628381 -1.79727 0
2.383 0.866074 -1.65297 0
2.423 1.07609 -1.49948 0
2.463 1.26146 -1.34614 0
2.503 1.42476 -1.19842 0
2.553 1.59968 -1.026 0
2.593 1.71553 -0.899278 0
2.643 1.82669 -0.754871 0
2.683 1.88622 -0.649727 0
2.724 1.921 -0.551011 0
2.764 1.93429 -0.464186 0
2.804 1.93387 -0.38832 0
2.854 1.92274 -0.31155 0
2.894 1.91006 -0.266257 0
2.944 1.89321 -0.231273 0
2.984 1.88042 -0.221243 0
3.024 1.86887 -0.227481 0
3.064 1.85868 -0.250082 0
3.104 1.84967 -0.288984 0
3.154 1.83934 -0.360187 0
3.194 1.83093 -0.434687 0
3.234 1.82121 -0.524008 0
3.274 1.8086 -0.627011 0
3.324 1.78503 -0.772133 0
3.364 1.75496 -0.89751 0
3.415 1.69056 -1.06084 0
3.455 1.60842 -1.18431 0
3.495 1.4915 -1.30008 0
3.545 1.29826 -1.43634 0
3.585 1.11208 -1.54211 0
3.635 0.846372 -1.6718 0
3.675 0.60933 -1.77076 0
3.715 0.350911 -1.85908 0
3.755 0.0721267 -1.9263 0
3.805 -0.297591 -1.95551 0
3.845 -0.593428 -1.90929 0
3.885 -0.863301 -1.78964 0
3.935 -1.1383 -1.56464 0
3.975 -1.30839 -1.35782 0
4.015 -1.44208 -1.14781 0
4.055 -1.54702 -0.945053 0
4.106 -1.64912 -0.705752 0
4.146 -1.71041 -0.536533 0
4.186 -1.75911 -0.384893 0
4.236 -1.80614 -0.220709 0
4.276 -1.83488 -0.109729 0
4.316 -1.85722 -0.0167124 0
4.356 -1.87426 0.0585823 0
4.406 -1.88965 0.128248 0
4.446 -1.89827 0.164819 0
4.486 -1.90441 0.184676 0
4.536 -1.90929 0.186296 0
4.586 -1.91124 0.162242 0
4.636 -1.90965 0.112319 0
4.676 -1.90487 0.0534493 0
4.726 -1.89278 -0.044295 0
4.766 -1.87658 -0.142169 0
4.807 -1.85223 -0.260871 0
4.847 -1.81903 -0.39464 0
4.897 -1.761 -0.58638 0
4.937 -1.69783 -0.758419 0
4.987 -1.59167 -0.993816 0
5.047 -1.41118 -1.29593 0
5.087 -1.2489 -1.49716 0
5.127 -1.04592 -1.68209 0
5.177 -0.733532 -1.85931 0
5.217 -0.449379 -1.93758 0
5.257 -0.155199 -1.95874 0
5.307 0.203299 -1.92403 0
5.347 0.47272 -1.86353 0
5.387 0.722522 -1.78437 0
5.437 1.0036 -1.66744 0
5.477 1.20013 -1.56189 0
5.518 1.37146 -1.4421 0
5.568 1.53561 -1.27917 0
5.608 1.63385 -1.13828 0
5.648 1.70893 -0.993771 0
5.688 1.76715 -0.851445 0
5.738 1.82352 -0.683361 0
5.778 1.85944 -0.560347 0
5.828 1.8963 -0.423925 0
5.868 1.92107 -0.330063 0
5.908 1.94266 -0.250548 0
5.948 1.96149 -0.185772 0
5.988 1.97745 -0.135907 0
6.038 1.99198 -0.0946008 0
6.078 1.99703 -0.0784449 0
6.118 1.99342 -0.0776021 0
6.158 1.9785 -0.0927103 0
6.209 1.94059 -0.136482 0
6.249 1.89597 -0.190965 0
6.289 1.83945 -0.263592 0
6.339 1.75417 -0.379911 0
6.379 1.67551 -0.493162 0
6.419 1.58797 -0.624075 0
6.459 1.49082 -0.772314 0
6.509 1.35272 -0.980998 0
6.549 1.22443 -1.16476 0
6.589 1.07478 -1.35969 0
6.639 0.848273 -1.60809 0
6.679 0.627473 -1.79384 0
6.719 0.365812 -1.93903 0
6.769 -0.00593384 -1.99459 0
6.809 -0.298881 -1.9181 0
6.849 -0.559996 -1.77501 0
6.89 -0.79176 -1.59837 0
6.94 -1.03163 -1.37303 0
6.98 -1.19621 -1.1982 0
7.02 -1.34202 -1.03454 0
7.07 -1.50381 -0.850007 0
7.11 -1.61944 -0.720042 0
7.15 -1.7231 -0.606468 0
7.19 -1.81326 -0.509605 0
7.24 -1.90228 -0.411996 0
7.28 -1.94985 -0.351901 0
7.32 -1.97361 -0.306282 0
7.36 -1.9752 -0.273621 0
7.41 -1.95452 -0.250215 0
7.45 -1.92723 -0.246042 0
7.5 -1.88644 -0.260361 0
7.54 -1.85106 -0.288196 0
7.581 -1.81333 -0.332179 0
7.631 -1.76561 -0.406983 0
7.671 -1.72589 -0.483272 0
7.711 -1.68447 -0.573706 0
7.761 -1.62975 -0.705713 0
7.801 -1.58316 -0.825527 0
7.841 -1.53351 -0.956772 0
7.881 -1.47997 -1.09764 0
7.931 -1.40491 -1.28196 0
7.971 -1.33355 -1.42738 0
8.011 -1.24285 -1.55649 0
8.061 -1.08173 -1.67013 0
8.101 -0.908177 -1.72143 0
8.141 -0.703847 -1.7527 0
8.181 -0.478427 -1.77529 0
8.231 -0.174873 -1.79739 0
8.272 0.0892043 -1.80872 0
8.312 0.357967 -1.80791 0
8.362 0.70305 -1.77607 0
8.402 0.974508 -1.70861 0
8.442 1.21891 -1.58402 0
8.482 1.4062 -1.39696 0
8.532 1.54578 -1.11368 0
8.572 1.59839 -0.882285 0
8.622 1.61478 -0.610851 0
8.662 1.60072 -0.415078 0
8.702 1.57001 -0.240757 0
8.752 1.51552 -0.0537602 0
8.792 1.46322 0.0715206 0
8.832 1.40582 0.175957 0
8.872 1.34498 0.260382 0
8.922 1.26589 0.339033 0
8.962 1.20114 0.381396 0
9.003 1.13404 0.406699 0
9.053 1.05177 0.413935 0
9.093 0.985959 0.402132 0
9.133 0.920359 0.375906 0
9.173 0.855121 0.336731 0
9.223 0.774267 0.272529 0
9.263 0.710339 0.212032 0
9.303 0.647437 0.146671 0
9.353 0.571354 0.0630029 0
9.393 0.51409 -0.00223607 0
9.433 0.461968 -0.0646478 0
9.483 0.406638 -0.140758 0
9.523 0.370708 -0.205166 0
9.573 0.33207 -0.30023 0
9.613 0.298508 -0.395248 0
9.664 0.237011 -0.545733 0
9.704 0.163679 -0.684387 0
9.744 0.0634436 -0.83518 0
9.794 -0.0981717 -1.03139 0
9.844 -0.292316 -1.22807 0
9.884 -0.464769 -1.38146 0
9.924 -0.648269 -1.52572 0
9.964 -0.838285 -1.64672 0
10.014 -1.05462 -1.69498 0
10.054 -1.12805 -1.57271 0
10.094 -1.1015 -1.37286 0
10.144 -0.998757 -1.11321 0
10.184 -0.888687 -0.918546 0
10.234 -0.732799 -0.698491 0
10.274 -0.60058 -0.541935 0
10.314 -0.466279 -0.401892 0
10.365 -0.297133 -0.244621 0
10.405 -0.168813 -0.135491 0
10.445 -0.0452048 -0.0372057 0
10.495 0.103603 0.0707778 0
10.535 0.219748 0.144027 0
10.585 0.363551 0.21625 0
10.625 0.478588 0.256259 0
10.665 0.594022 0.278682 0
10.705 0.709781 0.282146 0
10.755 0.854294 0.258045 0
10.795 0.968853 0.214749 0
10.845 1.10891 0.129013 0
10.885 1.21651 0.0340351 0
10.935 1.34185 -0.118895 0
10.975 1.43114 -0.269121 0
11.015 1.50622 -0.443982 0
11.056 1.56243 -0.647561 0
11.106 1.58872 -0.923964 0
11.146 1.55762 -1.15619 0
11.186 1.4536 -1.37197 0
11.236 1.20601 -1.55831 0
11.276 0.953365 -1.63304 0
11.316 0.688107 -1.66602 0
11.366 0.359797 -1.67448 0
11.406 0.106724 -1.66808 0
11.456 -0.194645 -1.65601 0
11.496 -0.423758 -1.64928 0
11.546 -0.694322 -1.64775 0
11.586 -0.893316 -1.64909 0
11.636 -1.10203 -1.6366 0
11.676 -1.21508 -1.58611 0
11.716 -1.27801 -1.48299 0
11.767 -1.32012 -1.30756 0
11.807 -1.34193 -1.16343 0
11.847 -1.35994 -1.02561 0
11.887 -1.37613 -0.898853 0
11.937 -1.39502 -0.759183 0
11.977 -1.4095 -0.663645 0
12.017 -1.42361 -0.583021 0
12.067 -1.44091 -0.503663 0
12.107 -1.45463 -0.45761 0
12.157 -1.47185 -0.42219 0
12.197 -1.48583 -0.411796 0
12.247 -1.50371 -0.421445 0
12.287 -1.51841 -0.447342 0
12.327 -1.53342 -0.489356 0
12.367 -1.54862 -0.547321 0
12.417 -1.5675 -0.641648 0
12.458 -1.58221 -0.736198 0
12.498 -1.59474 -0.841802 0
12.548 -1.60435 -0.987805 0
12.588 -1.60081 -1.10842 0
12.638 -1.56228 -1.24485 0
12.678 -1.48127 -1.32714 0
12.718 -1.34947 -1.38817 0
12.768 -1.13376 -1.4552 0
12.808 -0.9357 -1.51198 0
12.848 -0.721512 -1.57469 0
12.898 -0.433002 -1.65991 0
12.938 -0.184539 -1.72848 0
12.978 0.0804559 -1.7892 0
13.018 0.36048 -1.8303 0
13.068 0.720594 -1.82473 0
13.108 0.989835 -1.73798 0
13.159 1.24568 -1.50242 0
13.199 1.36739 -1.26634 0
13.249 1.4495 -0.965159 0
13.289 1.47653 -0.737518 0
13.329 1.47953 -0.528583 0
13.369 1.46533 -0.34092 0
13.419 1.43109 -0.137238 0
13.459 1.39503 0.00147051 0
13.499 1.35414 0.119587 0
13.549 1.29885 0.239806 0
13.589 1.25265 0.315171 0
13.639 1.1936 0.384655 0
13.679 1.14581 0.421259 0
13.719 1.09785 0.441618 0
13.769 1.0379 0.445108 0
13.809 0.990118 0.431147 0
13.86 0.9296 0.393213 0
13.9 0.88259 0.349094 0
13.94 0.836139 0.293966 0
13.98 0.790496 0.229649 0
14.03 0.735266 0.139382 0
14.07 0.693464 0.061454 0
14.11 0.654895 -0.0205454 0
14.16 0.612602 -0.130116 0
14.2 0.583265 -0.227273 0
14.25 0.547696 -0.368901 0
14.29 0.512593 -0.504401 0
14.34 0.446483 -0.704707 0
14.38 0.366515 -0.886413 0
14.42 0.258224 -1.08057 0
14.46 0.121913 -1.27994 0
14.51 -0.0839626 -1.52531 0
14.561 -0.329759 -1.75074 0
14.601 -0.542529 -1.87097 0
14.641 -0.737201 -1.84886 0
14.681 -0.846846 -1.661 0
14.731 -0.882852 -1.34999 0
14.771 -0.865017 -1.09803 0
14.811 -0.81807 -0.858219 0
14.861 -0.72509 -0.585331 0
14.901 -0.625627 -0.394931 0
14.951 -0.472361 -0.20104 0
14.991 -0.329684 -0.0886067 0
15.031 -0.173995 -0.0202595 0
15.081 0.0288977 -0.00272866 0
15.121 0.188445 -0.0443142 0
15.161 0.337424 -0.133003 0
15.201 0.469985 -0.2639 0
15.252 0.609666 -0.482026 0
15.292 0.694304 -0.685442 0
15.342 0.767949 -0.970448 0
15.382 0.798868 -1.21649 0
15.422 0.799339 -1.47048 0
15.472 0.735643 -1.76984 0
15.512 0.597063 -1.90974 0
15.562 0.347888 -1.83179 0
15.602 0.159484 -1.66215 0
15.652 -0.0454284 -1.41334 0
15.692 -0.183306 -1.20589 0
15.742 -0.319041 -0.949282 0
15.782 -0.395517 -0.754426 0
15.822 -0.443731 -0.576381 0
15.862 -0.468107 -0.420772 0
15.902 -0.476232 -0.289803 0
15.953 -0.475793 -0.155102 0
15.993 -0.474249 -0.0684744 0
16.043 -0.474993 0.0253799 0
16.083 -0.477665 0.0937297 0
16.123 -0.480898 0.158121 0
16.173 -0.483755 0.233033 0
16.213 -0.484 0.287157 0
16.263 -0.481115 0.344963 0
16.303 -0.476223 0.381417 0
16.343 -0.469194 0.407752 0
16.383 -0.460202 0.423028 0
16.433 -0.446356 0.425758 0
16.473 -0.433146 0.414718 0
16.513 -0.417797 0.392291 0
16.563 -0.394904 0.349578 0
16.603 -0.372783 0.305438 0
16.654 -0.338143 0.240004 0
16.694 -0.304728 0.185139 0
16.744 -0.25399 0.118138 0
16.784 -0.206028 0.0706895 0
16.824 -0.152312 0.0329438 0
16.864 -0.0946364 0.00811628 0
16.914 -0.0210944 -0.00181929 0
16.954 0.0350488 0.00744216 0
16.994 0.0855238 0.0304535 0
17.044 0.137188 0.0741107 0
17.084 0.167883 0.116337 0
17.124 0.188939 0.160633 0
17.174 0.202778 0.213045 0
17.214 0.205302 0.248567 0
17.264 0.199956 0.280685 0
17.304 0.19036 0.294236 0
17.345 0.176689 0.29546 0
17.385 0.160202 0.283519 0
17.435 0.135426 0.249901 0
17.475 0.11179 0.208231 0
17.515 0.0836623 0.154044 0
17.565 0.0395409 0.0702186 0
17.605 -0.00580707 -0.00813545 0
17.655 -0.0794616 -0.117953 0
17.695 -0.154763 -0.214121 0
17.745 -0.270935 -0.344697 0
17.785 -0.380208 -0.458959 0
17.825 -0.500761 -0.584257 0
17.875 -0.660521 -0.759943 0
17.915 -0.789056 -0.917826 0
17.955 -0.911288 -1.09158 0
17.995 -1.01833 -1.27919 0
18.046 -1.10675 -1.52385 0
18.086 -1.09143 -1.67073 0
18.126 -0.969585 -1.68415 0
18.176 -0.760855 -1.55514 0
18.216 -0.593951 -1.41369 0
18.266 -0.395848 -1.22458 0
18.306 -0.249086 -1.07125 0
18.356 -0.0862879 -0.880767 0
18.396 0.0216144 -0.731772 0
18.436 0.104976 -0.589705 0
18.476 0.162328 -0.459939 0
18.516 0.196537 -0.347845 0
18.566 0.217208 -0.236862 0
18.606 0.226131 -0.170008 0
18.656 0.238787 -0.106288 0
18.696 0.254491 -0.0636994 0
18.737 0.276395 -0.0213716 0
18.787 0.308586 0.0343071 0
18.827 0.335674 0.0839454 0
18.877 0.367458 0.15137 0
18.917 0.38938 0.207094 0
18.957 0.40745 0.261467 0
18.997 0.421657 0.311721 0
19.047 0.434538 0.36503 0
19.087 0.441543 0.39771 0
19.127 0.446112 0.420023 0
19.177 0.448887 0.432053 0
19.217 0.448937 0.428551 0
19.267 0.446213 0.407973 0
19.307 0.441524 0.379308 0
19.347 0.434196 0.341002 0
19.387 0.423777 0.294693 0
19.438 0.405389 0.22744 0
19.488 0.381654 0.157292 0
19.528 0.359275 0.101604 0
19.578 0.329337 0.0357954 0
19.618 0.306409 -0.0130817 0
19.668 0.282763 -0.0719731 0
19.708 0.269467 -0.122113 0
19.758 0.258221 -0.198046 0
19.798 0.248239 -0.27684 0
19.838 0.229476 -0.376337 0
19.888 0.180837 -0.530404 0
19.928 0.11406 -0.673021 0
19.968 0.0204364 -0.826566 0
20.018 -0.130307 -1.02586 0
20.058 -0.272202 -1.18698 0
20.099 -0.432277 -1.35078 0
20.149 -0.642611 -1.54142 0
20.189 -0.818441 -1.67 0
20.229 -0.983812 -1.73019 0
20.279 -1.07773 -1.60583 0
20.319 -1.04546 -1.411 0
20.369 -0.940748 -1.1575 0
20.409 -0.831914 -0.967061 0
20.449 -0.711961 -0.79227 0
20.489 -0.587288 -0.63383 0
20.539 -0.432273 -0.457392 0
20.579 -0.313801 -0.331247 0
20.619 -0.203447 -0.215993 0
20.669 -0.0789611 -0.084473 0
20.709 0.0102974 0.0115873 0
20.759 0.111687 0.119321 0
20.8 0.189054 0.195706 0
20.85 0.279389 0.271722 0
20.89 0.35002 0.317372 0
20.93 0.420021 0.348492 0
20.97 0.489804 0.364412 0
21.01 0.559581 0.364647 0
21.06 0.646936 0.342247 0
21.1 0.716933 0.305562 0
21.15 0.804361 0.235039 0
21.19 0.873757 0.157529 0
21.23 0.941708 0.059637 0
21.28 1.02202 -0.0941218 0
21.32 1.07926 -0.24431 0
21.37 1.13569 -0.467635 0
21.41 1.16284 -0.674271 0
21.45 1.16799 -0.903308 0
21.491 1.14364 -1.15631 0
21.541 1.05926 -1.47528 0
21.581 0.928745 -1.71093 0
21.621 0.718191 -1.86376 0
21.671 0.38191 -1.86025 0
21.711 0.116679 -1.75963 0
21.761 -0.184497 -1.58737 0
21.801 -0.398469 -1.43643 0
21.851 -0.634453 -1.24966 0
21.891 -0.80312 -1.1107 0
21.931 -0.95996 -0.985665 0
21.971 -1.11003 -0.876285 0
22.021 -1.29257 -0.762169 0
22.061 -1.435 -0.689182 0
22.101 -1.57197 -0.632963 0
22.151 -1.72817 -0.587182 0
22.192 -1.8329 -0.569876 0
22.232 -1.89909 -0.567695 0
22.282 -1.9095 -0.573483 0
22.322 -1.86461 -0.576889 0
22.372 -1.77188 -0.582614 0
22.412 -1.68365 -0.593918 0
22.452 -1.58898 -0.614263 0
22.502 -1.46487 -0.654073 0
22.542 -1.36215 -0.697543 0
22.582 -1.257 -0.750858 0
22.622 -1.14999 -0.813419 0
22.672 -1.01474 -0.904088 0
22.712 -0.906314 -0.986884 0
22.762 -0.77152 -1.10487 0
22.802 -0.664547 -1.21275 0
22.852 -0.531755 -1.36671 0
22.893 -0.423782 -1.5089 0
22.933 -0.320463 -1.65865 0
22.983 -0.19892 -1.84741 0
23.023 -0.114224 -1.96755 0
23.063 -0.0392284 -1.9939 0
23.103 0.0465237 -1.90613 0
23.153 0.177094 -1.72996 0
23.193 0.291311 -1.58271 0
23.233 0.408917 -1.44406 0
23.283 0.557738 -1.28896 0
23.323 0.677775 -1.18007 0
23.373 0.829328 -1.06077 0
23.413 0.951674 -0.976467 0
23.463 1.10494 -0.882557 0
23.503 1.22659 -0.815838 0
23.553 1.37573 -0.743179 0
23.594 1.49436 -0.693099 0
23.634 1.60572 -0.652773 0
23.674 1.71092 -0.620358 0
23.724 1.82737 -0.587972 0
23.764 1.89641 -0.563775 0
23.804 1.92375 -0.53701 0
23.854 1.87899 -0.506777 0
23.894 1.79196 -0.496874 0
23.934 1.67837 -0.505055 0
23.984 1.51647 -0.541402 0
24.024 1.37925 -0.5903 0
24.074 1.20458 -0.674483 0
24.114 1.06465 -0.75954 0
24.154 0.924228 -0.860369 0
24.204 0.743361 -1.00895 0
24.244 0.58777 -1.14485 0
24.285 0.411129 -1.29618 0
24.335 0.165017 -1.48732 0
24.375 -0.0581861 -1.63443 0
24.415 -0.303404 -1.76227 0
24.465 -0.631117 -1.85316 0
24.505 -0.871137 -1.79536 0
24.555 -1.05455 -1.54146 0
24.595 -1.1183 -1.28771 0
24.635 -1.13583 -1.03375 0
24.685 -1.11138 -0.736529 0
24.725 -1.06326 -0.522961 0
24.775 -0.975928 -0.292557 0
24.815 -0.88996 -0.140009 0
24.855 -0.794312 -0.0164382 0
24.895 -0.692679 0.0785842 0
24.935 -0.588035 0.146075 0
24.986 -0.453781 0.193951 0
25.026 -0.350004 0.202552 0
25.076 -0.224888 0.177983 0
25.116 -0.130853 0.129913 0
25.166 -0.0248913 0.0340451 0
25.206 0.0472916 -0.0708293 0
25.256 0.118095 -0.234897 0
25.296 0.158161 -0.3897 0
25.336 0.184297 -0.56261 0
25.386 0.199906 -0.800871 0
25.426 0.200374 -1.00707 0
25.466 0.190283 -1.2251 0
25.506 0.167886 -1.45165 0
25.556 0.115568 -1.73423 0
25.596 0.0427439 -1.92783 0
25.636 -0.0631806 -1.99484 0
25.687 -0.172391 -1.81489 0
25.727 -0.214756 -1.59507 0
25.777 -0.23697 -1.30939 0
25.817 -0.238991 -1.08802 0
25.857 -0.230707 -0.878161 0
25.907 -0.207574 -0.635227 0
25.947 -0.178463 -0.458145 0
25.987 -0.138708 -0.298099 0
26.037 -0.0725247 -0.124966 0
26.077 -0.0063814 -0.0104169 0
26.117 0.0701582 0.0812359 0
26.167 0.177354 0.162642 0
26.207 0.269752 0.201232 0
26.257 0.390635 0.216662 0
26.297 0.48995 0.202805 0
26.337 0.590256 0.165236 0
26.388 0.717375 0.081506 0
26.428 0.814096 -0.013816 0
26.468 0.905267 -0.136547 0
26.518 1.00599 -0.329477 0
26.558 1.07084 -0.514901 0
26.598 1.11665 -0.725944 0
26.638 1.13827 -0.959078 0
26.688 1.1212 -1.27242 0
26.728 1.05873 -1.52603 0
26.778 0.882691 -1.78915 0
26.818 0.648048 -1.8616 0
26.868 0.320155 -1.78287 0
26.908 0.0731401 -1.65962 0
26.948 -0.152304 -1.51534 0
26.998 -0.401645 -1.32636 0
27.038 -0.576936 -1.17949 0
27.079 -0.739216 -1.04035 0
27.119 -0.886729 -0.919455 0
27.169 -1.06448 -0.790766 0
27.209 -1.20532 -0.705689 0
27.259 -1.38048 -0.621643 0
27.299 -1.51764 -0.572911 0
27.339 -1.64798 -0.541636 0
27.389 -1.79108 -0.528227 0
27.429 -1.87578 -0.537207 0
27.479 -1.91648 -0.56446 0
27.519 -1.88707 -0.587457 0
27.569 -1.79714 -0.612931 0
27.609 -1.70386 -0.635893 0
27.649 -1.60114 -0.665291 0
27.689 -1.49265 -0.702947 0
27.739 -1.35145 -0.762357 0
27.78 -1.2323 -0.821 0
27.82 -1.1141 -0.88635 0
27.87 -0.965132 -0.979156 0
27.91 -0.846122 -1.06297 0
27.96 -0.698571 -1.18193 0
28 -0.58165 -1.29055 0
28.04 -0.465595 -1.41252 0
28.09 -0.322248 -1.58314 0
28.13 -0.21104 -1.72957 0
28.18 -0.0834766 -1.90484 0
28.22 0.00158725 -1.99322 0
28.26 0.0782764 -1.96957 0
28.3 0.166048 -1.85329 0
28.35 0.292338 -1.66867 0
28.39 0.39979 -1.52184 0
28.43 0.509415 -1.38558 0
28.481 0.650511 -1.23131 0
28.521 0.762037 -1.12547 0
28.571 0.902629 -1.00962 0
28.611 1.01573 -0.92819 0
28.651 1.12869 -0.855613 0
28.701 1.26835 -0.776903 0
28.741 1.37787 -0.723898 0
28.781 1.48467 -0.680297 0
28.821 1.58797 -0.646403 0
28.871 1.7101 -0.617123 0
28.911 1.79843 -0.60222 0
28.961 1.88429 -0.588412 0
29.001 1.91347 -0.575853 0
29.041 1.88981 -0.56333 0
29.091 1.79357 -0.561185 0
29.131 1.68317 -0.577707 0
29.172 1.55328 -0.613145 0
29.222 1.38294 -0.681078 0
29.262 1.24218 -0.754109 0
29.302 1.09933 -0.843265 0
29.342 0.953857 -0.948469 0
29.392 0.76364 -1.10217 0
29.432 0.598547 -1.241 0
29.482 0.366882 -1.42751 0
29.522 0.156556 -1.57825 0
29.572 -0.139376 -1.75081 0
29.612 -0.399748 -1.85284 0
29.652 -0.666962 -1.87628 0
29.692 -0.890787 -1.76033 0
29.742 -1.05711 -1.47711 0
29.782 -1.12244 -1.22296 0
29.833 -1.14875 -0.907895 0
29.873 -1.13627 -0.680078 0
29.913 -1.10163 -0.474774 0
29.963 -1.03528 -0.253624 0
30.003 -0.969533 -0.10595 0
30.043 -0.896826 0.0164513 0
30.093 -0.800612 0.136241 0
30.133 -0.721722 0.207637 0
30.173 -0.642331 0.259009 0
30.223 -0.543219 0.296828 0
30.263 -0.464361 0.306879 0
30.313 -0.366574 0.294889 0
30.353 -0.28911 0.265964 0
30.393 -0.212392 0.220107 0
30.433 -0.136354 0.157648 0
30.483 -0.0417906 0.0569728 0
30.523 0.0342408 -0.0409065 0
30.574 0.133139 -0.187128 0
30.614 0.213105 -0.318356 0
30.654 0.295201 -0.464382 0
30.694 0.378426 -0.625731 0
30.744 0.480881 -0.849615 0
30.784 0.557761 -1.0463 0
30.824 0.625244 -1.25709 0
30.874 0.685131 -1.53336 0
30.914 0.695728 -1.74637 0
30.964 0.611759 -1.90069 0
31.004 0.476694 -1.8291 0
31.044 0.343556 -1.66147 0
31.094 0.19681 -1.41674 0
31.134 0.0943454 -1.21667 0
31.174 0.00548084 -1.01991 0
31.225 -0.0843469 -0.778345 0
31.265 -0.131607 -0.599418 0
31.305 -0.154156 -0.433945 0
31.355 -0.144889 -0.254098 0
31.395 -0.109657 -0.138199 0
31.445 -0.0388327 -0.0337725 0
31.485 0.0321649 0.0163738 0
31.525 0.110546 0.0374219 0
31.575 0.213478 0.0235266 0
31.615 0.296187 -0.0205168 0
31.665 0.394148 -0.119716 0
31.705 0.461905 -0.236679 0
31.745 0.513302 -0.387306 0
31.795 0.54534 -0.618583 0
31.835 0.540458 -0.83136 0
31.875 0.50708 -1.06156 0
31.916 0.443547 -1.30832 0
31.966 0.325108 -1.6111 0
32.006 0.193114 -1.83491 0
32.046 0.0191962 -1.98879 0
32.096 -0.214981 -1.92568 0
32.136 -0.355515 -1.72123 0
32.186 -0.474924 -1.41826 0
32.226 -0.535666 -1.17155 0
32.276 -0.572297 -0.874925 0
32.316 -0.570475 -0.6556 0
32.356 -0.541542 -0.459456 0
32.406 -0.471244 -0.256199 0
32.446 -0.393762 -0.132379 0
32.486 -0.304146 -0.0448916 0
32.526 -0.20834 0.00668391 0
32.576 -0.0873634 0.0223092 0
32.617 0.00732552 -0.00461457 0
32.667 0.10927 -0.0859681 0
32.707 0.173025 -0.188908 0
32.747 0.214582 -0.323009 0
32.797 0.229362 -0.527142 0
32.837 0.210796 -0.712336 0
32.877 0.167846 -0.911006 0
32.927 0.0852764 -1.17202 0
32.967 -0.000652722 -1.38653 0
33.007 -0.103565 -1.59999 0
33.047 -0.225353 -1.79839 0
33.097 -0.404135 -1.95227 0
33.137 -0.51927 -1.87864 0
33.187 -0.570984 -1.62 0
33.227 -0.566508 -1.38616 0
33.277 -0.529135 -1.09974 0
33.318 -0.480547 -0.878747 0
33.358 -0.420941 -0.678597 0
33.398 -0.350503 -0.495658 0
33.448 -0.247562 -0.293979 0
33.488 -0.153269 -0.156732 0
33.528 -0.0488403 -0.0431582 0
33.578 0.0939455 0.0630947 0
33.618 0.215637 0.118516 0
33.668 0.373698 0.150477 0
33.708 0.502575 0.1462 0
33.748 0.631658 0.115312 0
33.798 0.790446 0.0389221 0
33.838 0.912816 -0.0527478 0
33.878 1.02829 -0.171716 0
33.918 1.13385 -0.317733 0
33.968 1.24632 -0.536994 0
34.009 1.31657 -0.745033 0
34.049 1.35896 -0.968925 0
34.099 1.35863 -1.26673 0
34.139 1.28894 -1.49479 0
34.189 1.06905 -1.67827 0
34.229 0.81917 -1.70804 0
34.279 0.492966 -1.66128 0
34.319 0.241577 -1.59258 0
34.359 0.00472314 -1.51142 0
34.399 -0.216052 -1.42701 0
34.449 -0.471685 -1.32801 0
34.489 -0.664293 -1.26044 0
34.529 -0.850429 -1.20642 0
34.579 -1.07667 -1.15955 0
34.619 -1.25068 -1.13853 0
34.669 -1.44936 -1.13072 0
34.71 -1.57881 -1.13335 0
34.75 -1.64803 -1.12737 0
34.8 -1.63442 -1.07695 0
34.84 -1.57377 -1.0085 0
34.88 -1.49661 -0.934465 0
34.93 -1.39159 -0.849484 0
34.97 -1.30482 -0.793068 0
35.01 -1.21688 -0.748905 0
35.05 -1.12819 -0.717432 0
35.1 -1.01658 -0.695434 0
35.14 -0.926966 -0.690781 0
35.19 -0.815203 -0.699652 0
35.23 -0.726711 -0.717631 0
35.28 -0.618302 -0.753516 0
35.32 -0.533818 -0.793903 0
35.36 -0.451099 -0.846482 0
35.411 -0.346495 -0.934812 0
35.451 -0.263076 -1.02353 0
35.501 -0.154574 -1.16088 0
35.541 -0.0638902 -1.29212 0
35.581 0.0287419 -1.44088 0
35.621 0.119554 -1.60338 0
35.671 0.21938 -1.81136 0
35.711 0.271642 -1.94626 0
35.751 0.286156 -1.96833 0
35.801 0.292729 -1.81212 0
35.841 0.310818 -1.63545 0
35.891 0.34291 -1.41276 0
35.931 0.371028 -1.24757 0
35.971 0.398462 -1.09908 0
36.021 0.429832 -0.93982 0
36.061 0.452235 -0.834001 0
36.102 0.473196 -0.744864 0
36.142 0.492506 -0.675626 0
36.192 0.516346 -0.611629 0
36.232 0.535986 -0.5769 0
36.282 0.561887 -0.552448 0
36.322 0.583853 -0.547364 0
36.372 0.612778 -0.558914 0
36.412 0.636884 -0.582826 0
36.452 0.6616 -0.620416 0
36.492 0.686671 -0.672471 0
36.542 0.718121 -0.759199 0
36.582 0.743109 -0.846866 0
36.622 0.767808 -0.951338 0
36.672 0.798341 -1.10542 0
36.712 0.822798 -1.24607 0
36.752 0.847723 -1.39881 0
36.803 0.880169 -1.59838 0
36.843 0.901466 -1.73211 0
36.893 0.882978 -1.78445 0
36.933 0.794727 -1.71555 0
36.973 0.660875 -1.6117 0
37.013 0.507021 -1.507 0
37.063 0.305121 -1.39151 0
37.103 0.142454 -1.31602 0
37.143 -0.0198123 -1.25648 0
37.193 -0.224256 -1.2026 0
37.233 -0.391958 -1.17236 0
37.283 -0.609228 -1.14425 0
37.323 -0.788743 -1.12524 0
37.373 -1.0171 -1.10205 0
37.413 -1.19957 -1.08236 0
37.453 -1.37802 -1.05985 0
37.494 -1.55055 -1.02953 0
37.544 -1.72355 -0.966705 0
37.584 -1.78887 -0.878795 0
37.624 -1.76239 -0.76792 0
37.674 -1.64179 -0.637961 0
37.714 -1.51022 -0.554325 0
37.754 -1.36345 -0.490483 0
37.804 -1.17071 -0.43662 0
37.844 -1.01584 -0.411436 0
37.894 -0.828848 -0.397348 0
37.934 -0.689549 -0.396043 0
37.974 -0.563305 -0.40081 0
38.024 -0.427353 -0.414258 0
38.064 -0.33601 -0.433033 0
38.104 -0.256639 -0.462594 0
38.144 -0.182844 -0.506286 0
38.195 -0.0840186 -0.584536 0
38.235 0.0063825 -0.661595 0
38.285 0.142239 -0.771049 0
38.325 0.269375 -0.864406 0
38.375 0.44693 -0.984565 0
38.415 0.599525 -1.08265 0
38.455 0.758092 -1.18223 0
38.505 0.960868 -1.30626 0
38.545 1.12275 -1.39754 0
38.585 1.27372 -1.46163 0
38.625 1.37449 -1.45221 0
38.675 1.35168 -1.31608 0
38.715 1.24821 -1.17747 0
38.755 1.11259 -1.04646 0
38.805 0.924649 -0.903396 0
38.845 0.771627 -0.806619 0
38.896 0.584942 -0.704383 0
38.936 0.451878 -0.639118 0
38.986 0.308081 -0.574815 0
39.026 0.21222 -0.537827 0
39.066 0.131086 -0.515231 0
39.106 0.059816 -0.508389 0
39.146 -0.00784412 -0.517593 0
39.196 -0.096562 -0.54967 0
39.236 -0.176192 -0.588714 0
39.286 -0.28955 -0.64975 0
39.326 -0.390692 -0.706112 0
39.376 -0.52719 -0.785209 0
39.416 -0.641876 -0.856175 0
39.456 -0.759543 -0.93508 0
39.506 -0.908999 -1.04581 0
