0 2 0 0
0.04 2 -0.0008 0
0.1 1.99999 -0.005 0
0.15 1.99994 -0.01125 0
0.18 1.99987 -0.0162 0
0.23 1.99965 -0.02645 0
0.26 1.99943 -0.0338 0
0.31 1.99885 -0.04805 0
0.35 1.99813 -0.06125 0
0.39 1.99712 -0.0760499 0
0.43 1.99575 -0.0924498 0
0.471 1.99389 -0.11092 0
0.511 1.99156 -0.13056 0
0.551 1.98862 -0.151798 0
0.591 1.985 -0.174636 0
0.631 1.98059 -0.199073 0
0.671 1.97532 -0.225106 0
0.711 1.96909 -0.252736 0
0.751 1.96181 -0.281959 0
0.791 1.95339 -0.312772 0
0.831 1.94376 -0.345171 0
0.871 1.93284 -0.379152 0
0.911 1.92055 -0.414705 0
0.951 1.90683 -0.451823 0
0.981 1.89556 -0.480681 0
1.021 1.87919 -0.520508 0
1.061 1.86122 -0.56186 0
1.101 1.8416 -0.60472 0
1.142 1.81974 -0.65019 0
1.182 1.79663 -0.696025 0
1.222 1.77173 -0.743282 0
1.262 1.74496 -0.791922 0
1.302 1.71628 -0.8419 0
1.342 1.68562 -0.893162 0
1.382 1.65291 -0.945645 0
1.422 1.61806 -0.999275 0
1.462 1.58099 -1.05396 0
1.502 1.54161 -1.10961 0
1.532 1.51049 -1.1519 0
1.572 1.4668 -1.20892 0
1.612 1.42049 -1.26651 0
1.652 1.37143 -1.32448 0
1.692 1.31949 -1.38262 0
1.732 1.26453 -1.44067 0
1.772 1.20641 -1.49833 0
1.812 1.14501 -1.55526 0
1.853 1.07853 -1.61243 0
1.893 1.0101 -1.6666 0
1.933 0.938063 -1.71866 0
1.973 0.862384 -1.76802 0
2.013 0.783078 -1.81405 0
2.053 0.700241 -1.85607 0
2.093 0.614066 -1.89339 0
2.133 0.524862 -1.92535 0
2.163 0.456227 -1.94545 0
2.203 0.362831 -1.96672 0
2.243 0.267851 -1.98143 0
2.283 0.171949 -1.98948 0
2.323 0.0757963 -1.99103 0
2.363 -0.0199827 -1.98638 0
2.403 -0.114837 -1.97601 0
2.443 -0.208308 -1.96043 0
2.483 -0.300029 -1.94024 0
2.523 -0.389723 -1.91598 0
2.564 -0.47934 -1.88747 0
2.604 -0.564361 -1.85662 0
2.644 -0.646903 -1.82322 0
2.684 -0.726905 -1.78767 0
2.724 -0.804331 -1.75035 0
2.764 -0.879163 -1.71156 0
2.804 -0.951394 -1.67158 0
2.844 -1.02102 -1.63065 0
2.874 -1.07154 -1.59944 0
2.914 -1.13661 -1.5573 0
2.954 -1.19907 -1.51468 0
2.994 -1.25889 -1.47171 0
3.034 -1.31607 -1.42847 0
3.074 -1.37056 -1.38505 0
3.114 -1.42232 -1.34151 0
3.154 -1.4713 -1.29789 0
3.194 -1.51746 -1.25423 0
3.235 -1.5618 -1.20945 0
3.275 -1.60211 -1.16576 0
3.315 -1.63948 -1.12211 0
3.355 -1.67391 -1.0785 0
3.395 -1.70544 -1.03498 0
3.435 -1.7341 -0.99159 0
3.465 -1.75378 -0.959173 0
3.505 -1.77768 -0.916172 0
3.545 -1.79905 -0.8735 0
3.585 -1.81805 -0.83125 0
3.625 -1.83488 -0.789522 0
3.675 -1.85313 -0.738251 0
3.715 -1.86575 -0.698073 0
3.755 -1.87682 -0.658748 0
3.795 -1.8865 -0.620369 0
3.835 -1.89497 -0.583024 0
3.875 -1.90238 -0.546792 0
3.916 -1.90903 -0.510885 0
3.956 -1.9147 -0.477119 0
3.996 -1.9197 -0.444661 0
4.036 -1.92413 -0.413559 0
4.076 -1.92807 -0.383858 0
4.116 -1.93161 -0.355595 0
4.156 -1.93482 -0.328804 0
4.196 -1.93776 -0.303513 0
4.236 -1.94051 -0.279746 0
4.276 -1.94309 -0.257524 0
4.316 -1.94557 -0.236865 0
4.356 -1.94798 -0.217782 0
4.396 -1.95035 -0.200288 0
4.436 -1.95271 -0.184392 0
4.476 -1.9551 -0.1701 0
4.516 -1.95752 -0.15742 0
4.556 -1.95998 -0.146352 0
4.596 -1.96251 -0.1369 0
4.637 -1.96515 -0.128887 0
4.677 -1.96779 -0.122703 0
4.717 -1.97047 -0.11813 0
4.757 -1.97318 -0.115162 0
4.797 -1.97588 -0.113794 0
4.837 -1.97856 -0.11402 0
4.877 -1.98116 -0.115832 0
4.917 -1.98364 -0.119221 0
4.957 -1.98593 -0.124178 0
4.997 -1.98797 -0.130693 0
5.037 -1.98968 -0.138756 0
5.087 -1.9912 -0.150999 0
5.117 -1.99172 -0.15949 0
5.157 -1.99184 -0.172144 0
5.207 -1.99091 -0.190089 0
5.247 -1.98917 -0.206143 0
5.287 -1.98639 -0.223705 0
5.328 -1.98235 -0.24327 0
5.358 -1.97854 -0.258592 0
5.398 -1.97228 -0.280349 0
5.448 -1.9624 -0.309689 0
5.488 -1.95276 -0.334888 0
5.518 -1.94447 -0.354801 0
5.558 -1.93198 -0.382714 0
5.598 -1.9178 -0.412192 0
5.638 -1.90193 -0.443244 0
5.688 -1.8797 -0.484281 0
5.728 -1.86002 -0.518894 0
5.768 -1.83865 -0.555091 0
5.808 -1.81561 -0.592871 0
5.838 -1.79725 -0.62224 0
5.878 -1.77134 -0.662771 0
5.918 -1.74379 -0.704858 0
5.958 -1.7146 -0.748484 0
6.009 -1.675 -0.806304 0
6.049 -1.64205 -0.85334 0
6.089 -1.60739 -0.901822 0
6.129 -1.57099 -0.951705 0
6.159 -1.54251 -0.990006 0
6.199 -1.50289 -1.04221 0
6.239 -1.46133 -1.09563 0
6.279 -1.41773 -1.15019 0
6.319 -1.37198 -1.20578 0
6.359 -1.32394 -1.26225 0
6.399 -1.27349 -1.31945 0
6.439 -1.22048 -1.37719 0
6.479 -1.16475 -1.43524 0
6.519 -1.10613 -1.49331 0
6.559 -1.04447 -1.55109 0
6.599 -0.979589 -1.60819 0
6.639 -0.911331 -1.66416 0
6.679 -0.839548 -1.71844 0
6.72 -0.76218 -1.77166 0
6.76 -0.682918 -1.82046 0
6.8 -0.599903 -1.86529 0
6.84 -0.513219 -1.90519 0
6.88 -0.423094 -1.9391 0
6.92 -0.329943 -1.96596 0
6.96 -0.234391 -1.98488 0
7 -0.137265 -1.9952 0
7.04 -0.0395121 -1.99673 0
7.08 0.0579042 -1.98969 0
7.12 0.15412 -1.97472 0
7.16 0.248442 -1.95267 0
7.2 0.340365 -1.92455 0
7.24 0.429556 -1.89133 0
7.28 0.515817 -1.85391 0
7.32 0.599056 -1.81311 0
7.36 0.679248 -1.76965 0
7.401 0.758312 -1.72296 0
7.441 0.832454 -1.67587 0
7.481 0.903723 -1.62769 0
7.521 0.972213 -1.57882 0
7.561 1.03803 -1.52958 0
7.601 1.10127 -1.48023 0
7.641 1.16205 -1.43102 0
7.681 1.22044 -1.38214 0
7.721 1.27654 -1.33375 0
7.761 1.33043 -1.28599 0
7.801 1.38214 -1.23896 0
7.841 1.43174 -1.19276 0
7.881 1.47923 -1.14746 0
7.921 1.52462 -1.1031 0
7.961 1.5679 -1.05973 0
8.001 1.60904 -1.01738 0
8.041 1.64798 -0.976071 0
8.081 1.68467 -0.935797 0
8.122 1.71984 -0.895591 0
8.162 1.75171 -0.857405 0
8.202 1.78106 -0.820224 0
8.242 1.80781 -0.784025 0
8.282 1.83189 -0.748782 0
8.322 1.85327 -0.714465 0
8.362 1.87192 -0.681052 0
8.402 1.88789 -0.648526 0
8.442 1.90125 -0.616881 0
8.482 1.91212 -0.586122 0
8.522 1.92068 -0.556272 0
8.562 1.92713 -0.527365 0
8.602 1.93167 -0.499446 0
8.642 1.93454 -0.472568 0
8.682 1.93596 -0.446791 0
8.722 1.93614 -0.422175 0
8.762 1.93529 -0.398781 0
8.803 1.93353 -0.376128 0
8.843 1.9311 -0.355378 0
8.883 1.92811 -0.33601 0
8.923 1.92469 -0.318067 0
8.963 1.92094 -0.30159 0
9.003 1.91694 -0.286613 0
9.043 1.91278 -0.273166 0
9.083 1.90851 -0.261276 0
9.123 1.9042 -0.250965 0
9.163 1.89989 -0.242253 0
9.203 1.89561 -0.235157 0
9.243 1.8914 -0.229691 0
9.283 1.88728 -0.225866 0
9.323 1.88326 -0.223692 0
9.363 1.87937 -0.223176 0
9.403 1.87562 -0.224324 0
9.443 1.872 -0.22714 0
9.484 1.86844 -0.231759 0
9.524 1.8651 -0.237957 0
9.564 1.8619 -0.245824 0
9.614 1.85808 -0.258001 0
9.654 1.85515 -0.269612 0
9.694 1.85233 -0.282879 0
9.734 1.84959 -0.297793 0
9.774 1.84691 -0.314344 0
9.814 1.84428 -0.332521 0
9.854 1.84167 -0.352311 0
9.894 1.83905 -0.373696 0
9.934 1.8364 -0.396659 0
9.974 1.83368 -0.421179 0
10.014 1.83085 -0.447229 0
10.054 1.82788 -0.474782 0
10.094 1.8247 -0.503804 0
10.134 1.82128 -0.534257 0
10.175 1.81746 -0.566911 0
10.215 1.81334 -0.600119 0
10.255 1.80878 -0.634601 0
10.295 1.80366 -0.670287 0
10.335 1.79789 -0.707094 0
10.375 1.79134 -0.744929 0
10.415 1.78388 -0.783678 0
10.455 1.77532 -0.823215 0
10.495 1.76548 -0.86339 0
10.535 1.75413 -0.904038 0
10.575 1.74101 -0.944971 0
10.615 1.72583 -0.985988 0
10.655 1.70829 -1.02688 0
10.695 1.68806 -1.06744 0
10.735 1.66484 -1.10748 0
10.775 1.63835 -1.14685 0
10.815 1.60838 -1.18544 0
10.855 1.5748 -1.22321 0
10.896 1.53659 -1.26107 0
10.936 1.49565 -1.29726 0
10.976 1.45122 -1.33279 0
11.016 1.40345 -1.36778 0
11.056 1.35252 -1.40233 0
11.096 1.29861 -1.43655 0
11.136 1.24191 -1.47053 0
11.176 1.18256 -1.50432 0
11.216 1.12071 -1.53796 0
11.256 1.05645 -1.57145 0
11.296 0.989869 -1.60477 0
11.336 0.921025 -1.63786 0
11.376 0.849956 -1.67065 0
11.416 0.776683 -1.703 0
11.456 0.701217 -1.73477 0
11.496 0.623562 -1.76576 0
11.536 0.54372 -1.79575 0
11.567 0.480343 -1.81811 0
11.607 0.396646 -1.8456 0
11.657 0.289035 -1.87723 0
11.697 0.200635 -1.89985 0
11.737 0.110297 -1.91954 0
11.777 0.0181862 -1.93573 0
11.817 -0.0754613 -1.94779 0
11.857 -0.170316 -1.95502 0
11.897 -0.265932 -1.95667 0
11.937 -0.361728 -1.95198 0
11.977 -0.456982 -1.94027 0
12.017 -0.550847 -1.92102 0
12.057 -0.642416 -1.894 0
12.097 -0.730813 -1.85934 0
12.137 -0.815297 -1.81753 0
12.177 -0.895335 -1.76936 0
12.217 -0.970623 -1.71582 0
12.257 -1.04107 -1.65792 0
12.298 -1.1083 -1.59507 0
12.338 -1.16923 -1.53123 0
12.378 -1.22576 -1.46565 0
12.418 -1.27815 -1.399 0
12.458 -1.32668 -1.33179 0
12.498 -1.37161 -1.26449 0
12.538 -1.41319 -1.19747 0
12.578 -1.45168 -1.13103 0
12.618 -1.48732 -1.06543 0
12.658 -1.52031 -1.00087 0
12.698 -1.55087 -0.93753 0
12.738 -1.57918 -0.875548 0
12.778 -1.60543 -0.815036 0
12.818 -1.62978 -0.756086 0
12.858 -1.65238 -0.698771 0
12.898 -1.67336 -0.643148 0
12.938 -1.69285 -0.589262 0
12.979 -1.7114 -0.535868 0
13.019 -1.72821 -0.485597 0
13.059 -1.74384 -0.437144 0
13.099 -1.75837 -0.390522 0
13.139 -1.77187 -0.345741 0
13.179 -1.78441 -0.302806 0
13.219 -1.79606 -0.261719 0
13.259 -1.80687 -0.222482 0
13.299 -1.8169 -0.185093 0
13.339 -1.82617 -0.149549 0
13.379 -1.83475 -0.115844 0
13.419 -1.84267 -0.0839738 0
13.459 -1.84997 -0.053931 0
13.499 -1.85668 -0.0257077 0
13.539 -1.86284 0.00070454 0
13.579 -1.86849 0.0253151 0
13.619 -1.87366 0.0481338 0
13.66 -1.87848 0.0696742 0
13.7 -1.88276 0.0888966 0
13.74 -1.88666 0.106359 0
13.78 -1.89019 0.122073 0
13.82 -1.89338 0.13605 0
13.86 -1.89627 0.148298 0
13.9 -1.89887 0.158829 0
13.94 -1.90121 0.167652 0
13.98 -1.90331 0.174774 0
14.02 -1.90518 0.180204 0
14.06 -1.90684 0.183948 0
14.1 -1.90831 0.18601 0
14.14 -1.90958 0.186394 0
14.18 -1.91066 0.185104 0
14.22 -1.91156 0.182138 0
14.26 -1.91227 0.177497 0
14.3 -1.91278 0.171179 0
14.34 -1.91309 0.163181 0
14.381 -1.91317 0.153233 0
14.421 -1.91301 0.141814 0
14.461 -1.91259 0.128697 0
14.501 -1.91188 0.113873 0
14.541 -1.91085 0.0973331 0
14.581 -1.90948 0.0790676 0
14.621 -1.90772 0.0590667 0
14.661 -1.90555 0.0373203 0
14.701 -1.90291 0.0138182 0
14.741 -1.89978 -0.0114496 0
14.781 -1.8961 -0.0384927 0
14.821 -1.89183 -0.0673199 0
14.861 -1.88692 -0.0979394 0
14.901 -1.88133 -0.130358 0
14.941 -1.87499 -0.164582 0
14.981 -1.86786 -0.200615 0
15.021 -1.85988 -0.238459 0
15.062 -1.85075 -0.279129 0
15.102 -1.84085 -0.320638 0
15.142 -1.82991 -0.363951 0
15.182 -1.81784 -0.409059 0
15.222 -1.80457 -0.455948 0
15.262 -1.79002 -0.5046 0
15.302 -1.77409 -0.554993 0
15.342 -1.75669 -0.607095 0
15.382 -1.73771 -0.660868 0
15.422 -1.71702 -0.716265 0
15.462 -1.69452 -0.773225 0
15.502 -1.67005 -0.831675 0
15.542 -1.64347 -0.891525 0
15.582 -1.61462 -0.952668 0
15.622 -1.58334 -1.01497 0
15.662 -1.54943 -1.07828 0
15.702 -1.51271 -1.1424 0
15.743 -1.47194 -1.20873 0
15.783 -1.42888 -1.27377 0
15.823 -1.38238 -1.3388 0
15.863 -1.3322 -1.40345 0
15.903 -1.27813 -1.46727 0
15.943 -1.21998 -1.52977 0
15.983 -1.15757 -1.59035 0
16.023 -1.0908 -1.64837 0
16.063 -1.01962 -1.70312 0
16.103 -0.944082 -1.75388 0
16.143 -0.86439 -1.79994 0
16.183 -0.780874 -1.84067 0
16.223 -0.69401 -1.87558 0
16.263 -0.604389 -1.90437 0
16.303 -0.51267 -1.92697 0
16.343 -0.419528 -1.94349 0
16.383 -0.325605 -1.95423 0
16.423 -0.231481 -1.95956 0
16.464 -0.135314 -1.95991 0
16.504 -0.0422181 -1.95574 0
16.544 0.049824 -1.9476 0
16.584 0.140545 -1.93595 0
16.624 0.229735 -1.92119 0
16.664 0.317226 -1.90371 0
16.704 0.402888 -1.88383 0
16.744 0.486615 -1.86186 0
16.784 0.568321 -1.83804 0
16.824 0.647928 -1.8126 0
16.874 0.744379 -1.77876 0
16.904 0.800563 -1.75748 0
16.944 0.873443 -1.72806 0
16.984 0.943921 -1.6975 0
17.024 1.0119 -1.66586 0
17.064 1.07728 -1.63314 0
17.104 1.13994 -1.59933 0
17.145 1.20122 -1.56353 0
17.185 1.258 -1.52744 0
17.225 1.3117 -1.49016 0
17.265 1.36223 -1.45165 0
17.305 1.40952 -1.4119 0
17.345 1.45355 -1.37091 0
17.385 1.49437 -1.32875 0
17.425 1.53205 -1.28549 0
17.465 1.56672 -1.24126 0
17.505 1.59857 -1.19624 0
17.545 1.6278 -1.15061 0
17.585 1.65462 -1.10457 0
17.625 1.67926 -1.05832 0
17.665 1.70193 -1.01206 0
17.705 1.72283 -0.965969 0
17.745 1.74213 -0.920226 0
17.785 1.76001 -0.874981 0
17.826 1.77702 -0.829264 0
17.866 1.79245 -0.785429 0
17.906 1.80686 -0.742459 0
17.946 1.82033 -0.700445 0
17.986 1.83297 -0.659469 0
18.026 1.84485 -0.619602 0
18.066 1.85604 -0.580905 0
18.106 1.8666 -0.543433 0
18.146 1.87659 -0.507234 0
18.186 1.88606 -0.472349 0
18.226 1.89505 -0.438815 0
18.266 1.90361 -0.406662 0
18.306 1.91176 -0.375919 0
18.346 1.91954 -0.34661 0
18.386 1.92698 -0.318754 0
18.426 1.93409 -0.292369 0
18.466 1.9409 -0.267468 0
18.506 1.94742 -0.244064 0
18.547 1.9538 -0.221638 0
18.587 1.95973 -0.201289 0
18.627 1.96537 -0.182458 0
18.667 1.97071 -0.165147 0
18.707 1.97571 -0.149358 0
18.747 1.98036 -0.135093 0
18.787 1.98462 -0.122351 0
18.827 1.98843 -0.111134 0
18.867 1.99173 -0.101441 0
18.907 1.99447 -0.0932769 0
18.947 1.99656 -0.086645 0
18.987 1.99791 -0.081553 0
19.027 1.99845 -0.0780115 0
19.067 1.99808 -0.076035 0
19.107 1.99671 -0.0756418 0
19.147 1.99424 -0.0768544 0
19.187 1.99061 -0.0796985 0
19.228 1.9856 -0.0843366 0
19.268 1.9794 -0.090573 0
19.308 1.97187 -0.0985301 0
19.348 1.96299 -0.108237 0
19.388 1.95275 -0.119721 0
19.428 1.94117 -0.133005 0
19.468 1.92826 -0.148109 0
19.508 1.91405 -0.16505 0
19.548 1.8986 -0.18384 0
19.588 1.88193 -0.204485 0
19.628 1.8641 -0.22699 0
19.668 1.84516 -0.251356 0
19.708 1.82515 -0.277581 0
19.748 1.80411 -0.305661 0
19.788 1.78209 -0.335589 0
19.828 1.75912 -0.367359 0
19.868 1.73523 -0.400963 0
19.908 1.71043 -0.436392 0
19.949 1.6841 -0.474592 0
19.989 1.65751 -0.513691 0
20.029 1.63004 -0.554588 0
20.069 1.60166 -0.597273 0
20.109 1.57234 -0.641737 0
20.149 1.54205 -0.687967 0
20.189 1.51073 -0.735948 0
20.229 1.4783 -0.785661 0
20.269 1.44469 -0.837081 0
20.309 1.40978 -0.890175 0
20.349 1.37346 -0.944899 0
20.389 1.33561 -1.00119 0
20.429 1.29606 -1.05899 0
20.469 1.25466 -1.11818 0
20.509 1.21123 -1.17865 0
20.549 1.16558 -1.24026 0
20.589 1.11752 -1.30281 0
20.63 1.06554 -1.36767 0
20.67 1.01197 -1.4314 0
20.71 0.955344 -1.49524 0
20.75 0.895459 -1.55879 0
20.79 0.832092 -1.62157 0
20.83 0.765026 -1.683 0
20.87 0.694051 -1.74235 0
20.91 0.618976 -1.79873 0
20.95 0.539654 -1.85104 0
20.99 0.456026 -1.89792 0
21.03 0.368199 -1.93777 0
21.07 0.276555 -1.9688 0
21.11 0.181859 -1.9893 0
21.15 0.0852897 -1.99802 0
21.19 -0.0116993 -1.99457 0
21.23 -0.107665 -1.97959 0
21.27 -0.20144 -1.95446 0
21.311 -0.294466 -1.91993 0
21.351 -0.381761 -1.87942 0
21.391 -0.465446 -1.83366 0
21.431 -0.54549 -1.78391 0
21.471 -0.621949 -1.73117 0
21.511 -0.694933 -1.67627 0
21.551 -0.764582 -1.61989 0
21.591 -0.831051 -1.56259 0
21.631 -0.894508 -1.50483 0
21.671 -0.955129 -1.44701 0
21.711 -1.01309 -1.38945 0
21.751 -1.06857 -1.33242 0
21.791 -1.12175 -1.27615 0
21.831 -1.1728 -1.22083 0
21.871 -1.22188 -1.16663 0
21.911 -1.26915 -1.11365 0
21.951 -1.31473 -1.06202 0
21.991 -1.35877 -1.0118 0
22.032 -1.40242 -0.96187 0
22.072 -1.44362 -0.914711 0
22.112 -1.48356 -0.869128 0
22.152 -1.52226 -0.825151 0
22.192 -1.55977 -0.782807 0
22.232 -1.59611 -0.742116 0
22.272 -1.63126 -0.703094 0
22.312 -1.66522 -0.665757 0
22.352 -1.69794 -0.630117 0
22.392 -1.72937 -0.596183 0
22.432 -1.75945 -0.563963 0
22.472 -1.78807 -0.533463 0
22.512 -1.81515 -0.504684 0
22.552 -1.84058 -0.477622 0
22.592 -1.86421 -0.452269 0
22.632 -1.88594 -0.428608 0
22.672 -1.90561 -0.406617 0
22.713 -1.9235 -0.385774 0
22.753 -1.93863 -0.367054 0
22.793 -1.95137 -0.349878 0
22.833 -1.96165 -0.334192 0
22.873 -1.96948 -0.319937 0
22.913 -1.97489 -0.307057 0
22.953 -1.97799 -0.295505 0
22.993 -1.97892 -0.285243 0
23.033 -1.97787 -0.276246 0
23.073 -1.97504 -0.268503 0
23.113 -1.97066 -0.262019 0
23.153 -1.96494 -0.256805 0
23.193 -1.95808 -0.252883 0
23.233 -1.95027 -0.250278 0
23.273 -1.94167 -0.249018 0
23.303 -1.93478 -0.248974 0
23.353 -1.92261 -0.250648 0
23.383 -1.91498 -0.252719 0
23.424 -1.9042 -0.256864 0
23.464 -1.89337 -0.262391 0
23.504 -1.88229 -0.269399 0
23.544 -1.87099 -0.277902 0
23.584 -1.85951 -0.28791 0
23.624 -1.84788 -0.299432 0
23.674 -1.83313 -0.315969 0
23.714 -1.82118 -0.330909 0
23.754 -1.80911 -0.347367 0
23.794 -1.79691 -0.365339 0
23.834 -1.78458 -0.38482 0
23.874 -1.77211 -0.405801 0
23.914 -1.75949 -0.42827 0
23.954 -1.74673 -0.452217 0
23.994 -1.7338 -0.477627 0
24.034 -1.72069 -0.504484 0
24.074 -1.70741 -0.53277 0
24.115 -1.69358 -0.563228 0
24.155 -1.67989 -0.594351 0
24.205 -1.66245 -0.635175 0
24.245 -1.64825 -0.669343 0
24.285 -1.63379 -0.704822 0
24.325 -1.61907 -0.741586 0
24.365 -1.60408 -0.779602 0
24.405 -1.5888 -0.818837 0
24.455 -1.56926 -0.869531 0
24.495 -1.55326 -0.911351 0
24.535 -1.5369 -0.954236 0
24.575 -1.52015 -0.998119 0
24.615 -1.50298 -1.04292 0
