0 2 0 0
0.03 2 -0.00045 0
0.08 1.99999 -0.0032 0
0.12 1.99997 -0.0072 0
0.16 1.99992 -0.0128 0
0.211 1.99975 -0.0222605 0
0.261 1.99942 -0.0340605 0
0.301 1.99898 -0.0453005 0
0.341 1.99831 -0.0581405 0
0.391 1.99709 -0.0764404 0
0.431 1.99571 -0.0928803 0
0.471 1.99389 -0.11092 0
0.521 1.99088 -0.135719 0
0.561 1.98778 -0.157358 0
0.601 1.98397 -0.180596 0
0.641 1.97936 -0.205431 0
0.691 1.97233 -0.238722 0
0.731 1.96559 -0.267148 0
0.771 1.95775 -0.297167 0
0.811 1.94874 -0.328774 0
0.851 1.93847 -0.361964 0
0.902 1.92344 -0.406569 0
0.942 1.91004 -0.443336 0
0.992 1.89121 -0.49148 0
1.032 1.87441 -0.531728 0
1.072 1.85599 -0.573497 0
1.122 1.83063 -0.627816 0
1.162 1.80841 -0.672927 0
1.212 1.77813 -0.731336 0
1.252 1.75183 -0.779634 0
1.292 1.72364 -0.829283 0
1.332 1.69348 -0.880229 0
1.382 1.6529 -0.945645 0
1.422 1.61806 -0.999275 0
1.462 1.58099 -1.05396 0
1.512 1.53139 -1.12366 0
1.552 1.48896 -1.18033 0
1.593 1.44282 -1.23909 0
1.633 1.39508 -1.29691 0
1.683 1.33143 -1.36953 0
1.723 1.27716 -1.42763 0
1.763 1.21977 -1.4854 0
1.813 1.14343 -1.55667 0
1.853 1.07852 -1.61243 0
1.893 1.0101 -1.6666 0
1.933 0.938063 -1.71866 0
1.983 0.842895 -1.77987 0
2.023 0.762694 -1.82496 0
2.063 0.678999 -1.86587 0
2.113 0.569818 -1.91008 0
2.153 0.479254 -1.93913 0
2.203 0.362831 -1.96672 0
2.243 0.26785 -1.98143 0
2.294 0.145505 -1.99054 0
2.334 0.0493948 -1.99035 0
2.374 -0.0461812 -1.98408 0
2.424 -0.164107 -1.96844 0
2.464 -0.256699 -1.95037 0
2.504 -0.347386 -1.92797 0
2.544 -0.435929 -1.9018 0
2.594 -0.543335 -1.86459 0
2.634 -0.626504 -1.83178 0
2.674 -0.707145 -1.79674 0
2.714 -0.785217 -1.75983 0
2.754 -0.860699 -1.72138 0
2.804 -0.951395 -1.67158 0
2.844 -1.02102 -1.63064 0
2.894 -1.1044 -1.57844 0
2.934 -1.16816 -1.53604 0
2.985 -1.24566 -1.4814 0
3.025 -1.30344 -1.43821 0
3.065 -1.35853 -1.39483 0
3.115 -1.42357 -1.34042 0
3.155 -1.47249 -1.29679 0
3.205 -1.52966 -1.24221 0
3.245 -1.57215 -1.19852 0
3.285 -1.61173 -1.15484 0
3.325 -1.64836 -1.11119 0
3.365 -1.68207 -1.0676 0
3.415 -1.72012 -1.01326 0
3.455 -1.74739 -0.969957 0
3.505 -1.77768 -0.916164 0
3.545 -1.79905 -0.873492 0
3.585 -1.81805 -0.831242 0
3.625 -1.83487 -0.789513 0
3.666 -1.85006 -0.747391 0
3.716 -1.86605 -0.697071 0
3.756 -1.87708 -0.657768 0
3.806 -1.88894 -0.609984 0
3.846 -1.89711 -0.572938 0
3.886 -1.90425 -0.537025 0
3.926 -1.91051 -0.502316 0
3.976 -1.91728 -0.460715 0
4.026 -1.92307 -0.421196 0
4.066 -1.92712 -0.391141 0
4.106 -1.93075 -0.362515 0
4.146 -1.93404 -0.335353 0
4.196 -1.93776 -0.303504 0
4.236 -1.9405 -0.279737 0
4.276 -1.94309 -0.257515 0
4.316 -1.94556 -0.236856 0
4.357 -1.94803 -0.217316 0
4.407 -1.95099 -0.195748 0
4.447 -1.95336 -0.180292 0
4.497 -1.95636 -0.163233 0
4.537 -1.9588 -0.151399 0
4.587 -1.96193 -0.138877 0
4.627 -1.9645 -0.130676 0
4.667 -1.96712 -0.124089 0
4.717 -1.97046 -0.118121 0
4.757 -1.97317 -0.115153 0
4.807 -1.97655 -0.113693 0
4.847 -1.97921 -0.114316 0
4.887 -1.98179 -0.116522 0
4.947 -1.98537 -0.122783 0
4.997 -1.98797 -0.130684 0
5.037 -1.98967 -0.138748 0
5.088 -1.99122 -0.151259 0
5.128 -1.99181 -0.16281 0
5.168 -1.99174 -0.17588 0
5.218 -1.99052 -0.194345 0
5.258 -1.98851 -0.210814 0
5.298 -1.98542 -0.22879 0
5.348 -1.97989 -0.253382 0
5.388 -1.97398 -0.274759 0
5.428 -1.96663 -0.297657 0
5.468 -1.95778 -0.322087 0
5.518 -1.94447 -0.354793 0
5.558 -1.93197 -0.382706 0
5.608 -1.91399 -0.419799 0
5.648 -1.8977 -0.451245 0
5.688 -1.8797 -0.484273 0
5.728 -1.86001 -0.518885 0
5.769 -1.83809 -0.556008 0
5.819 -1.80899 -0.603528 0
5.859 -1.78385 -0.643315 0
5.909 -1.75013 -0.695245 0
5.949 -1.72131 -0.738526 0
5.989 -1.69085 -0.78333 0
6.029 -1.65873 -0.829629 0
6.079 -1.61622 -0.889559 0
6.119 -1.58026 -0.939096 0
6.159 -1.5425 -0.989997 0
6.209 -1.49269 -1.05544 0
6.249 -1.45063 -1.10916 0
6.289 -1.4065 -1.16399 0
6.329 -1.36019 -1.21981 0
6.379 -1.29903 -1.29076 0
6.419 -1.24732 -1.34826 0
6.46 -1.19157 -1.40763 0
6.51 -1.11958 -1.48025 0
6.55 -1.05862 -1.53813 0
6.59 -0.994475 -1.59542 0
6.63 -0.926991 -1.65168 0
6.68 -0.837706 -1.71975 0
6.72 -0.762179 -1.77165 0
6.76 -0.682917 -1.82045 0
6.81 -0.578569 -1.87576 0
6.85 -0.490997 -1.91426 0
6.9 -0.376862 -1.95346 0
6.94 -0.282418 -1.97645 0
6.99 -0.161642 -1.99344 0
7.03 -0.0639543 -1.99716 0
7.07 0.0336327 -1.99222 0
7.11 0.130222 -1.97915 0
7.151 0.227416 -1.95819 0
7.201 0.342631 -1.92377 0
7.241 0.431751 -1.89043 0
7.291 0.539014 -1.84299 0
7.331 0.621415 -1.80139 0
7.371 0.700773 -1.7573 0
7.421 0.795751 -1.69957 0
7.461 0.868445 -1.65188 0
7.501 0.938313 -1.60331 0
7.541 1.00545 -1.55422 0
7.591 1.0857 -1.49256 0
7.631 1.14708 -1.44329 0
7.671 1.20606 -1.39431 0
7.721 1.27655 -1.33374 0
7.761 1.33043 -1.28598 0
7.801 1.38215 -1.23895 0
7.842 1.43295 -1.19161 0
7.892 1.49192 -1.13515 0
7.932 1.53674 -1.09106 0
7.972 1.57943 -1.04797 0
8.022 1.62977 -0.995552 0
8.062 1.66753 -0.954784 0
8.112 1.7115 -0.905284 0
8.152 1.74398 -0.866842 0
8.192 1.77396 -0.829411 0
8.232 1.80137 -0.792969 0
8.272 1.82613 -0.757489 0
8.322 1.85327 -0.714449 0
8.362 1.87192 -0.681036 0
8.412 1.89147 -0.640515 0
8.452 1.90419 -0.60909 0
8.492 1.91447 -0.578556 0
8.533 1.92266 -0.548209 0
8.573 1.92855 -0.519568 0
8.623 1.93337 -0.485182 0
8.663 1.93545 -0.458875 0
8.713 1.9362 -0.42759 0
8.753 1.93556 -0.403915 0
8.793 1.93403 -0.381506 0
8.833 1.93176 -0.360417 0
8.873 1.9289 -0.340698 0
8.923 1.92469 -0.318045 0
8.963 1.92093 -0.301568 0
9.013 1.91591 -0.283084 0
9.053 1.91172 -0.270024 0
9.093 1.90744 -0.258526 0
9.143 1.90204 -0.246385 0
9.183 1.89774 -0.238479 0
9.224 1.89339 -0.23206 0
9.264 1.88922 -0.227454 0
9.314 1.88415 -0.224013 0
9.354 1.88023 -0.223123 0
9.404 1.87552 -0.22435 0
9.444 1.87191 -0.227207 0
9.484 1.86843 -0.231734 0
9.524 1.8651 -0.237932 0
9.564 1.8619 -0.245798 0
9.614 1.85808 -0.257976 0
9.654 1.85515 -0.269587 0
9.704 1.85163 -0.286427 0
9.754 1.84824 -0.305838 0
9.794 1.84559 -0.323204 0
9.834 1.84297 -0.342189 0
9.884 1.83971 -0.368174 0
9.925 1.837 -0.391329 0
9.965 1.8343 -0.4155 0
10.015 1.83078 -0.447872 0
10.055 1.8278 -0.475462 0
10.105 1.82379 -0.51201 0
10.145 1.82029 -0.542849 0
10.195 1.81545 -0.583324 0
10.235 1.81112 -0.617177 0
10.275 1.80629 -0.65227 0
10.325 1.7994 -0.697764 0
10.365 1.79306 -0.735351 0
10.415 1.78388 -0.783649 0
10.455 1.77532 -0.823186 0
10.495 1.76548 -0.863361 0
10.535 1.75413 -0.904009 0
10.585 1.73742 -0.955196 0
10.626 1.72126 -0.997225 0
10.666 1.70301 -1.03805 0
10.716 1.67626 -1.08851 0
10.756 1.65135 -1.12821 0
10.806 1.61544 -1.1768 0
10.846 1.58267 -1.21475 0
10.886 1.54626 -1.25189 0
10.936 1.49565 -1.29723 0
10.976 1.45122 -1.33276 0
11.026 1.391 -1.37642 0
11.066 1.33931 -1.41089 0
11.116 1.2706 -1.45354 0
11.156 1.21256 -1.48742 0
11.196 1.15194 -1.52113 0
11.236 1.08887 -1.5547 0
11.286 1.00673 -1.59643 0
11.327 0.936708 -1.63041 0
11.367 0.866137 -1.66328 0
11.417 0.774821 -1.70378 0
11.457 0.6993 -1.73553 0
11.507 0.60182 -1.7741 0
11.547 0.521378 -1.80376 0
11.597 0.417768 -1.83887 0
11.637 0.332468 -1.86496 0
11.677 0.245081 -1.88885 0
11.717 0.155695 -1.91007 0
11.767 0.0413633 -1.93202 0
11.807 -0.0519274 -1.94518 0
11.847 -0.146517 -1.95369 0
11.897 -0.265939 -1.95665 0
11.937 -0.361736 -1.95196 0
11.987 -0.480621 -1.93615 0
12.028 -0.576304 -1.91434 0
12.068 -0.667084 -1.88519 0
12.118 -0.775701 -1.8382 0
12.158 -0.857902 -1.79295 0
12.208 -0.954111 -1.72826 0
12.248 -1.02564 -1.67125 0
12.288 -1.09237 -1.61065 0
12.328 -1.15442 -1.54735 0
12.378 -1.22576 -1.46562 0
12.418 -1.27816 -1.39896 0
12.458 -1.32668 -1.33176 0
12.508 -1.38231 -1.24767 0
12.548 -1.4231 -1.18076 0
12.598 -1.46985 -1.09808 0
12.638 -1.50413 -1.03297 0
12.678 -1.53588 -0.969005 0
12.729 -1.573 -0.889337 0
12.769 -1.5997 -0.828485 0
12.819 -1.63037 -0.754601 0
12.859 -1.65293 -0.697327 0
12.909 -1.67887 -0.628122 0
12.949 -1.69797 -0.574721 0
12.989 -1.71572 -0.523099 0
13.039 -1.73617 -0.461111 0
13.079 -1.75124 -0.413572 0
13.119 -1.76524 -0.367869 0
13.169 -1.78137 -0.313335 0
13.209 -1.79323 -0.271786 0
13.249 -1.80425 -0.232087 0
13.299 -1.8169 -0.185062 0
13.339 -1.82617 -0.149518 0
13.379 -1.83475 -0.115813 0
13.43 -1.84474 -0.0754998 0
13.47 -1.85187 -0.0459583 0
13.52 -1.85998 -0.0115861 0
13.56 -1.86587 0.0138788 0
13.6 -1.87126 0.0375472 0
13.64 -1.87618 0.0594291 0
13.69 -1.88173 0.0842855 0
13.73 -1.88572 0.102187 0
13.77 -1.88933 0.118337 0
13.82 -1.89338 0.136078 0
13.86 -1.89626 0.148326 0
13.91 -1.89948 0.161223 0
13.95 -1.90175 0.169619 0
14 -1.90427 0.177728 0
14.04 -1.90603 0.182314 0
14.08 -1.9076 0.185216 0
14.131 -1.9093 0.186481 0
14.171 -1.91043 0.185567 0
14.211 -1.91137 0.182978 0
14.261 -1.91228 0.177387 0
14.301 -1.91279 0.171027 0
14.341 -1.91309 0.162986 0
14.381 -1.91317 0.153259 0
14.431 -1.91293 0.138721 0
14.471 -1.91244 0.125178 0
14.521 -1.9114 0.105845 0
14.561 -1.91021 0.0884429 0
14.611 -1.9082 0.0642564 0
14.651 -1.90613 0.0429473 0
14.691 -1.90361 0.019885 0
14.731 -1.90061 -0.00494054 0
14.782 -1.896 -0.0391656 0
14.822 -1.89171 -0.0680376 0
14.872 -1.88545 -0.106649 0
14.912 -1.87966 -0.139564 0
14.952 -1.87311 -0.174285 0
15.002 -1.86378 -0.220231 0
15.042 -1.85533 -0.259027 0
15.092 -1.84342 -0.310066 0
15.132 -1.83274 -0.352929 0
15.172 -1.82096 -0.397589 0
15.222 -1.80457 -0.455923 0
15.262 -1.79002 -0.504575 0
15.312 -1.76988 -0.567835 0
15.352 -1.7521 -0.620359 0
15.402 -1.72759 -0.688343 0
15.442 -1.70601 -0.744529 0
15.483 -1.68192 -0.803706 0
15.523 -1.65637 -0.862904 0
15.573 -1.62132 -0.938781 0
15.613 -1.5906 -1.00084 0
15.653 -1.5573 -1.06393 0
15.703 -1.51175 -1.14399 0
15.743 -1.47194 -1.20871 0
15.783 -1.42888 -1.27375 0
15.833 -1.37018 -1.35499 0
15.873 -1.31905 -1.41948 0
15.923 -1.24958 -1.4987 0
15.963 -1.18932 -1.56032 0
16.013 -1.10791 -1.63412 0
16.053 -1.03783 -1.68976 0
16.093 -0.963366 -1.74159 0
16.143 -0.86439 -1.79992 0
16.184 -0.77874 -1.8416 0
16.224 -0.6918 -1.87635 0
16.264 -0.602118 -1.90499 0
16.314 -0.487168 -1.93209 0
16.354 -0.393749 -1.94699 0
16.404 -0.276179 -1.95765 0
16.444 -0.182153 -1.96034 0
16.484 -0.0886503 -1.95833 0
16.534 0.0269318 -1.94997 0
16.574 0.118005 -1.93915 0
16.624 0.229739 -1.92117 0
16.664 0.317231 -1.90369 0
16.704 0.402893 -1.88381 0
16.744 0.486621 -1.86184 0
16.794 0.588428 -1.83181 0
16.834 0.6675 -1.80598 0
16.875 0.746278 -1.77804 0
16.925 0.839126 -1.74216 0
16.965 0.910756 -1.71213 0
17.015 0.996836 -1.67305 0
17.055 1.06281 -1.64057 0
17.105 1.14148 -1.59845 0
17.145 1.20123 -1.56351 0
17.185 1.25801 -1.52742 0
17.235 1.32464 -1.48062 0
17.275 1.37436 -1.4418 0
17.315 1.42084 -1.40174 0
17.355 1.46406 -1.36045 0
17.405 1.5136 -1.30722 0
17.445 1.54976 -1.26346 0
17.485 1.58299 -1.21882 0
17.535 1.62073 -1.16204 0
17.576 1.64879 -1.11493 0
17.626 1.67986 -1.05714 0
17.666 1.70248 -1.01088 0
17.706 1.72333 -0.964795 0
17.756 1.74719 -0.907702 0
17.796 1.76471 -0.862619 0
17.846 1.78488 -0.80722 0
17.886 1.79978 -0.763805 0
17.926 1.81371 -0.721302 0
17.976 1.82989 -0.669587 0
18.016 1.84195 -0.629436 0
18.066 1.85604 -0.580881 0
18.106 1.8666 -0.543409 0
18.146 1.87659 -0.507211 0
18.186 1.88606 -0.472326 0
18.236 1.89723 -0.430623 0
18.277 1.90589 -0.398043 0
18.337 1.91782 -0.353056 0
18.377 1.92534 -0.324872 0
18.427 1.93427 -0.291706 0
18.467 1.94107 -0.266843 0
18.517 1.94916 -0.237871 0
18.557 1.95531 -0.216388 0
18.597 1.96117 -0.196419 0
18.637 1.96674 -0.177968 0
18.687 1.97326 -0.157043 0
18.727 1.97809 -0.142016 0
18.767 1.98255 -0.128513 0
18.817 1.98752 -0.113777 0
18.857 1.99096 -0.103703 0
18.907 1.99447 -0.0932595 0
18.947 1.99656 -0.0866281 0
18.988 1.99794 -0.081429 0
19.038 1.99845 -0.0772952 0
19.078 1.99781 -0.0757525 0
19.128 1.99556 -0.0760616 0
19.168 1.99249 -0.0781278 0
19.218 1.98695 -0.0830288 0
19.258 1.98108 -0.0888401 0
19.298 1.97388 -0.0963646 0
19.338 1.96534 -0.105632 0
19.388 1.95276 -0.119708 0
19.428 1.94117 -0.132993 0
19.478 1.92483 -0.152161 0
19.518 1.91031 -0.169563 0
19.558 1.89455 -0.188816 0
19.608 1.87317 -0.215495 0
19.649 1.8543 -0.239541 0
19.689 1.83479 -0.264884 0
19.739 1.80894 -0.299173 0
19.779 1.78714 -0.328686 0
19.819 1.76438 -0.360043 0
19.869 1.73463 -0.40182 0
19.909 1.70981 -0.437295 0
19.959 1.67755 -0.484192 0
19.999 1.65074 -0.523741 0
20.039 1.62304 -0.565086 0
20.089 1.58713 -0.619279 0
20.129 1.55734 -0.664628 0
20.169 1.52654 -0.711736 0
20.219 1.48653 -0.773068 0
20.259 1.45322 -0.824065 0
20.309 1.40979 -0.890173 0
20.35 1.37255 -0.946285 0
20.39 1.33465 -1.00262 0
20.44 1.28488 -1.07513 0
20.48 1.24293 -1.13469 0
20.52 1.19891 -1.19549 0
20.57 1.14067 -1.27299 0
20.61 1.09126 -1.33595 0
20.65 1.03913 -1.3995 0
20.69 0.984057 -1.46333 0
20.74 0.910754 -1.54295 0
20.78 0.848277 -1.60598 0
20.83 0.76503 -1.683 0
20.87 0.694054 -1.74235 0
20.92 0.599549 -1.81223 0
20.96 0.51915 -1.86332 0
21.01 0.412619 -1.91883 0
21.051 0.32052 -1.95526 0
21.091 0.227149 -1.98096 0
21.141 0.107103 -1.99709 0
21.181 0.0100772 -1.99636 0
21.221 -0.0862335 -1.98388 0
21.261 -0.180583 -1.96088 0
21.311 -0.294471 -1.91989 0
21.351 -0.381765 -1.87938 0
21.391 -0.46545 -1.83363 0
21.441 -0.564941 -1.77093 0
21.481 -0.64052 -1.71758 0
21.531 -0.730169 -1.64819 0
21.571 -0.798208 -1.59129 0
21.611 -0.86315 -1.53371 0
21.651 -0.925167 -1.47588 0
21.701 -0.998846 -1.40377 0
21.742 -1.0563 -1.34516 0
21.782 -1.10999 -1.2887 0
21.832 -1.17406 -1.21944 0
21.872 -1.22309 -1.16526 0
21.922 -1.28185 -1.09929 0
21.962 -1.32701 -1.04804 0
22.012 -1.38132 -0.986006 0
22.052 -1.4232 -0.938075 0
22.092 -1.46376 -0.8917 0
22.142 -1.51271 -0.835975 0
22.182 -1.55052 -0.793222 0
22.222 -1.58715 -0.752117 0
22.272 -1.63128 -0.70308 0
22.312 -1.66524 -0.665744 0
22.362 -1.70594 -0.621461 0
22.402 -1.73704 -0.587956 0
22.443 -1.76748 -0.555394 0
22.483 -1.79569 -0.525368 0
22.533 -1.82873 -0.490254 0
22.573 -1.85323 -0.464092 0
22.623 -1.88123 -0.433779 0
22.663 -1.90137 -0.411415 0
22.703 -1.91936 -0.390696 0
22.753 -1.93863 -0.367049 0
22.793 -1.95136 -0.349874 0
22.843 -1.96383 -0.330492 0
22.883 -1.97104 -0.316585 0
22.933 -1.9767 -0.301113 0
22.973 -1.97869 -0.290209 0
23.023 -1.97827 -0.278371 0
23.063 -1.97587 -0.270314 0
23.103 -1.97185 -0.263514 0
23.154 -1.96474 -0.256682 0
23.194 -1.95786 -0.252792 0
23.234 -1.95002 -0.250219 0
23.284 -1.93913 -0.2489 0
23.324 -1.92972 -0.249396 0
23.364 -1.91979 -0.2513 0
23.414 -1.90681 -0.255698 0
23.454 -1.89605 -0.260856 0
23.494 -1.88503 -0.267492 0
23.544 -1.87094 -0.277886 0
23.584 -1.85946 -0.287894 0
23.624 -1.84782 -0.299415 0
23.664 -1.83604 -0.312455 0
23.714 -1.82113 -0.330891 0
23.754 -1.80905 -0.347349 0
