0 0 0 0
0.05 7.81554e-008 -4.78702e-010 0
0.09 2.71737e-007 -9.87226e-010 0
0.14 7.80856e-007 -5.24254e-009 0
0.18 9.36501e-007 3.41911e-008 0
0.22 9.743e-007 8.87612e-008 0
0.27 1.03082e-006 7.94952e-008 0
0.32 3.36105e-007 2.1858e-007 0
0.36 -8.8885e-007 7.01257e-007 0
0.4 -2.30357e-006 1.38547e-006 0
0.45 -4.47278e-006 2.57654e-006 0
0.49 -6.40213e-006 3.69323e-006 0
0.53 -8.29763e-006 4.6791e-006 0
0.58 -1.06328e-005 5.95338e-006 0
0.631 -1.24775e-005 6.0178e-006 0
0.671 -1.32161e-005 4.32686e-006 0
0.711 -1.36402e-005 2.068e-006 0
0.751 -1.38582e-005 -1.72255e-007 0
0.791 -1.39233e-005 -1.63038e-006 0
0.841 -1.37014e-005 -1.76925e-006 0
0.881 -1.28785e-005 2.62834e-006 0
0.931 -1.07316e-005 1.26243e-005 0
0.971 -6.71527e-006 2.59961e-005 0
1.011 -4.402e-007 4.27795e-005 0
1.051 8.80506e-006 6.20222e-005 0
1.091 2.12156e-005 8.25522e-005 0
1.141 4.18513e-005 0.000108929 0
1.181 6.08954e-005 0.000128727 0
1.221 8.13928e-005 0.000146398 0
1.261 0.00010274 0.000161355 0
1.311 0.000130748 0.000175644 0
1.352 0.000152855 0.000183362 0
1.392 0.000173957 0.000187234 0
1.442 0.000199448 0.000186886 0
1.482 0.000218432 0.000182575 0
1.522 0.00023611 0.000174815 0
1.562 0.000252265 0.000163847 0
1.602 0.000266717 0.000149987 0
1.652 0.000281819 0.000129253 0
1.692 0.00029208 0.000110522 0
1.742 0.000301867 8.53041e-005 0
1.782 0.00030819 6.47531e-005 0
1.822 0.000312467 4.43963e-005 0
1.862 0.000314458 2.48894e-005 0
1.902 0.000313877 6.81945e-006 0
1.952 0.000309402 -1.28325e-005 0
1.992 0.000302429 -2.5648e-005 0
2.043 0.00028891 -3.79743e-005 0
2.083 0.000274291 -4.5294e-005 0
2.123 0.000256187 -5.08869e-005 0
2.163 0.000234802 -5.53402e-005 0
2.203 0.000210479 -5.9162e-005 0
2.253 0.00017662 -6.35292e-005 0
2.293 0.000147533 -6.40165e-005 0
2.343 0.000109395 -6.03588e-005 0
2.383 7.77644e-005 -5.07659e-005 0
2.423 4.51703e-005 -3.49723e-005 0
2.463 1.13472e-005 -1.30236e-005 0
2.503 -2.40643e-005 1.46957e-005 0
2.553 -7.11999e-005 5.67985e-005 0
2.593 -0.000111212 9.53492e-005 0
2.643 -0.000163742 0.000145767 0
2.683 -0.000207581 0.000185852 0
2.724 -0.000253433 0.000224784 0
2.764 -0.00029816 0.000259129 0
2.804 -0.000341977 0.000288675 0
2.854 -0.000395348 0.000317486 0
2.894 -0.000434509 0.000333359 0
2.944 -0.000479794 0.000343378 0
2.984 -0.000511719 0.000343481 0
3.024 -0.000539779 0.000336511 0
3.064 -0.000563619 0.000322702 0
3.104 -0.000582951 0.000302458 0
3.154 -0.000600277 0.000269014 0
3.194 -0.000608758 0.000236553 0
3.234 -0.000612343 0.000199931 0
3.274 -0.000611061 0.000160088 0
3.324 -0.000602155 0.000107364 0
3.364 -0.000590183 6.43824e-005 0
3.415 -0.00056766 1.01237e-005 0
3.455 -0.000547062 -2.84685e-005 0
3.495 -0.000523368 -6.25312e-005 0
3.545 -0.000489108 -9.66371e-005 0
3.585 -0.000456901 -0.000117108 0
3.635 -0.000409821 -0.000134424 0
3.675 -0.000366789 -0.000144094 0
3.715 -0.000319366 -0.000150526 0
3.755 -0.000268335 -0.000154764 0
3.805 -0.000200848 -0.000158333 0
3.845 -0.000145343 -0.000162026 0
3.885 -8.85518e-005 -0.000164537 0
3.935 -1.64441e-005 -0.000165515 0
3.975 4.19079e-005 -0.000162764 0
4.015 0.000100353 -0.000155176 0
4.055 0.000157961 -0.000142167 0
4.106 0.000228403 -0.000118113 0
4.146 0.00028095 -9.30926e-005 0
4.186 0.000329595 -6.41187e-005 0
4.236 0.000384301 -2.34355e-005 0
4.276 0.000422134 1.14352e-005 0
4.316 0.000454502 4.74585e-005 0
4.356 0.000481306 8.38292e-005 0
4.406 0.000507457 0.000128736 0
4.446 0.000522015 0.000163175 0
4.486 0.000531594 0.000195694 0
4.536 0.000537231 0.000232851 0
4.586 0.00053631 0.000265345 0
4.636 0.000529826 0.000292719 0
4.676 0.000521471 0.000310877 0
4.726 0.000507405 0.000328967 0
4.766 0.000494143 0.000340181 0
4.807 0.000478718 0.000348952 0
4.847 0.00046207 0.000355296 0
4.897 0.000439043 0.000360816 0
4.937 0.000419032 0.000364046 0
4.987 0.000391566 0.000366968 0
5.047 0.000354676 0.000369575 0
5.087 0.000326892 0.000369986 0
5.127 0.000296778 0.000369713 0
5.177 0.000255979 0.000368109 0
5.217 0.000221406 0.000366564 0
5.257 0.000185693 0.000365781 0
5.307 0.000139622 0.000366285 0
5.347 0.000101791 0.000371132 0
5.387 6.25216e-005 0.000379383 0
5.437 1.03558e-005 0.000393614 0
5.477 -3.57507e-005 0.00040928 0
5.518 -8.70429e-005 0.000426425 0
5.568 -0.000156384 0.000447359 0
5.608 -0.000217387 0.000461811 0
5.648 -0.000280993 0.000471417 0
5.688 -0.000345681 0.000474739 0
5.738 -0.000427373 0.000469014 0
5.778 -0.000489616 0.000455653 0
5.828 -0.000563968 0.000427934 0
5.868 -0.000618327 0.000397184 0
5.908 -0.000667864 0.000359238 0
5.948 -0.000711896 0.000314721 0
5.988 -0.00074988 0.000264443 0
6.038 -0.000788024 0.000195027 0
6.078 -0.000811153 0.00013564 0
6.118 -0.000827537 7.42654e-005 0
6.158 -0.000837265 1.23939e-005 0
6.209 -0.000839944 -6.47191e-005 0
6.249 -0.000835333 -0.000121346 0
6.289 -0.000824267 -0.000173034 0
6.339 -0.000801281 -0.00022846 0
6.379 -0.000775597 -0.000263542 0
6.419 -0.00074302 -0.000289702 0
6.459 -0.000703408 -0.000306478 0
6.509 -0.000644059 -0.000314042 0
6.549 -0.000588853 -0.000310248 0
6.589 -0.000527047 -0.000299285 0
6.639 -0.000441631 -0.000277718 0
6.679 -0.000367881 -0.000258318 0
6.719 -0.000290588 -0.000237915 0
6.769 -0.000190587 -0.000213194 0
6.809 -0.00010975 -0.000184775 0
6.849 -2.8753e-005 -0.000152624 0
6.89 5.3995e-005 -0.000113279 0
6.94 0.000153178 -5.3327e-005 0
6.98 0.000229546 8.40484e-006 0
7.02 0.000301535 7.91895e-005 0
7.07 0.000385147 0.000177157 0
7.11 0.000447337 0.000261233 0
7.15 0.000505178 0.000346846 0
7.19 0.000558982 0.000431522 0
7.24 0.000621775 0.000532764 0
7.28 0.000668453 0.000606867 0
7.32 0.000712466 0.000672419 0
7.36 0.000753928 0.000727279 0
7.41 0.000802662 0.00077808 0
7.45 0.000836877 0.000802947 0
7.5 0.000874765 0.000812878 0
7.54 0.000899694 0.000803786 0
7.581 0.000920282 0.000778935 0
7.631 0.000937789 0.000728468 0
7.671 0.000945219 0.000673494 0
7.711 0.00094648 0.000607033 0
7.761 0.000938551 0.000510386 0
7.801 0.000925016 0.000424294 0
7.841 0.000904747 0.000332439 0
7.881 0.000877675 0.000236751 0
7.931 0.000833248 0.000114491 0
7.971 0.00079012 1.75706e-005 0
8.011 0.00073988 -7.68379e-005 0
8.061 0.000667624 -0.000187509 0
8.101 0.000607133 -0.00025686 0
8.141 0.000539902 -0.000315971 0
8.181 0.000465527 -0.000365823 0
8.231 0.000362393 -0.000413499 0
8.272 0.00027173 -0.000444233 0
8.312 0.000178887 -0.000466795 0
8.362 5.87851e-005 -0.00048471 0
8.402 -3.64106e-005 -0.000492993 0
8.442 -0.000130143 -0.000493952 0
8.482 -0.000221765 -0.000486009 0
8.532 -0.000331331 -0.000462828 0
8.572 -0.000412839 -0.000434247 0
8.622 -0.000505688 -0.000385603 0
8.662 -0.000572178 -0.000336205 0
8.702 -0.000630607 -0.000278632 0
8.752 -0.000691331 -0.000196695 0
8.792 -0.000729643 -0.000124375 0
8.832 -0.000758427 -4.74557e-005 0
8.872 -0.00077761 3.28084e-005 0
8.922 -0.000788393 0.000135999 0
8.962 -0.000786637 0.000219189 0
9.003 -0.000775957 0.000303803 0
9.053 -0.000751752 0.000404395 0
9.093 -0.000724496 0.000481652 0
9.133 -0.000691171 0.000555219 0
9.173 -0.000652638 0.0006245 0
9.223 -0.000598124 0.000704282 0
9.263 -0.000550693 0.000762881 0
9.303 -0.000500314 0.000816771 0
9.353 -0.000433326 0.000877661 0
9.393 -0.000376858 0.000922873 0
9.433 -0.000317112 0.000964835 0
9.483 -0.000236413 0.00101339 0
9.523 -0.000165241 0.00104961 0
9.573 -6.60499e-005 0.00108986 0
9.613 2.22444e-005 0.00111522 0
9.664 0.000147655 0.00113665 0
9.704 0.000252209 0.00113984 0
9.744 0.000361262 0.00112993 0
9.794 0.000502017 0.00109831 0
9.844 0.000640665 0.00104366 0
9.884 0.000747893 0.000984483 0
9.924 0.000850006 0.000913128 0
9.964 0.000944 0.000830801 0
10.014 0.00103858 0.000708691 0
10.054 0.00110097 0.000611387 0
10.094 0.0011541 0.000530183 0
10.144 0.00120064 0.000457774 0
10.184 0.00121698 0.000427594 0
10.234 0.00120399 0.000434508 0
10.274 0.00116369 0.000473211 0
10.314 0.00109521 0.000538125 0
10.365 0.000968166 0.000649073 0
10.405 0.000841118 0.00074744 0
10.445 0.000694777 0.000846166 0
10.495 0.000493791 0.000956551 0
10.535 0.000327629 0.00102379 0
10.585 0.000125022 0.00107093 0
10.625 -2.40999e-005 0.00107292 0
10.665 -0.000155571 0.00104038 0
10.705 -0.000265257 0.000972534 0
10.755 -0.000368374 0.000839532 0
10.795 -0.000423107 0.000697298 0
10.845 -0.000459002 0.000480384 0
10.885 -0.000464663 0.00028033 0
10.935 -0.000447102 3.55909e-006 0
10.975 -0.000414086 -0.000233677 0
11.015 -0.000363814 -0.000476479 0
11.056 -0.000296378 -0.000720966 0
11.106 -0.000197466 -0.00100121 0
11.146 -0.000109463 -0.00120393 0
11.186 -1.69063e-005 -0.00138281 0
11.236 0.000100121 -0.00156701 0
11.276 0.000189165 -0.00167828 0
11.316 0.000271065 -0.00175548 0
11.366 0.000359972 -0.00180239 0
11.406 0.000416785 -0.00179781 0
11.456 0.000471963 -0.00174281 0
11.496 0.000502939 -0.00165839 0
11.546 0.000529175 -0.00151089 0
11.586 0.000542295 -0.00136293 0
11.636 0.000550086 -0.00115149 0
11.676 0.000553191 -0.000962491 0
11.716 0.000558257 -0.000755739 0
11.767 0.000570229 -0.000474297 0
11.807 0.000576789 -0.000246553 0
11.847 0.000583694 -1.45783e-005 0
11.887 0.00058909 0.000218199 0
11.937 0.000592073 0.000501337 0
11.977 0.000589008 0.000713924 0
12.017 0.00058277 0.000907992 0
12.067 0.000572119 0.00111817 0
12.107 0.000561014 0.00125728 0
12.157 0.000544796 0.00139186 0
12.197 0.000529354 0.00146746 0
12.247 0.000506349 0.00152223 0
12.287 0.000484221 0.00153541 0
12.327 0.000457915 0.00152298 0
12.367 0.000426574 0.00148678 0
12.417 0.000378598 0.00141134 0
12.458 0.000331639 0.00132698 0
12.498 0.000278281 0.00122741 0
12.548 0.000199344 0.0010819 0
12.588 0.000127399 0.000950816 0
12.638 2.46595e-005 0.000770273 0
12.678 -6.02255e-005 0.000618131 0
12.718 -0.000145909 0.000460973 0
12.768 -0.000253961 0.000257681 0
12.808 -0.000338808 8.58977e-005 0
12.848 -0.000417163 -9.2423e-005 0
12.898 -0.000499254 -0.000316142 0
12.938 -0.00054904 -0.0004919 0
12.978 -0.000584051 -0.000659779 0
13.018 -0.000604065 -0.000816565 0
13.068 -0.000608087 -0.000993523 0
13.108 -0.00059508 -0.00111739 0
13.159 -0.000562486 -0.00124427 0
13.199 -0.000528003 -0.00131351 0
13.249 -0.000477176 -0.00135884 0
13.289 -0.000433291 -0.00135976 0
13.329 -0.000388497 -0.00132986 0
13.369 -0.000344516 -0.00127072 0
13.419 -0.00029273 -0.00115967 0
13.459 -0.000255286 -0.00104503 0
13.499 -0.000221651 -0.000911865 0
13.549 -0.000185105 -0.000725503 0
13.589 -0.000159486 -0.000565771 0
13.639 -0.000131419 -0.00035897 0
13.679 -0.000111111 -0.000192363 0
13.719 -9.26918e-005 -2.73497e-005 0
13.769 -6.77305e-005 0.000175245 0
13.809 -4.22328e-005 0.000328275 0
13.86 -4.2189e-006 0.000505038 0
13.9 2.8476e-005 0.000626864 0
13.94 6.27407e-005 0.000732238 0
13.98 9.73999e-005 0.000820325 0
14.03 0.000139706 0.000905559 0
14.07 0.000170374 0.000955409 0
14.11 0.000197321 0.000989884 0
14.16 0.000225023 0.00101444 0
14.2 0.000242167 0.0010231 0
14.25 0.000259247 0.00102347 0
14.29 0.000271136 0.00101686 0
14.34 0.000287489 0.00100245 0
14.38 0.00030172 0.000983321 0
14.42 0.000318887 0.000958493 0
14.46 0.000339678 0.00092826 0
14.51 0.000371023 0.000883699 0
14.561 0.000405771 0.000829771 0
14.601 0.00043301 0.000782743 0
14.641 0.000458228 0.000733806 0
14.681 0.000487488 0.000715253 0
14.731 0.000514592 0.000706925 0
14.771 0.000525826 0.000716545 0
14.811 0.000524183 0.000746213 0
14.861 0.000501508 0.000810811 0
14.901 0.000467031 0.000879978 0
14.951 0.000405606 0.000981481 0
14.991 0.00034459 0.00106724 0
15.031 0.000275894 0.00114962 0
15.081 0.000182902 0.00123797 0
15.121 0.000104916 0.00128879 0
15.161 2.48472e-005 0.00131588 0
15.201 -5.68668e-005 0.00131527 0
15.252 -0.000162884 0.00127149 0
15.292 -0.000247479 0.00120108 0
15.342 -0.000353536 0.00107089 0
15.382 -0.00043724 0.000935019 0
15.422 -0.000518213 0.000773463 0
15.472 -0.000612971 0.000533603 0
15.512 -0.000679508 0.000311124 0
15.562 -0.00075262 3.43862e-005 0
15.602 -0.000780808 -0.000214339 0
15.652 -0.000800634 -0.000511073 0
15.692 -0.000808012 -0.000725445 0
15.742 -0.000815969 -0.000947893 0
15.782 -0.000825179 -0.00108086 0
15.822 -0.00083761 -0.00116852 0
15.862 -0.000851484 -0.00120826 0
15.902 -0.000863209 -0.00120032 0
15.953 -0.000867938 -0.00112673 0
15.993 -0.000859679 -0.00102624 0
16.043 -0.000831607 -0.000863587 0
16.083 -0.000796865 -0.000716509 0
16.123 -0.000754689 -0.000564058 0
16.173 -0.000698045 -0.00037592 0
16.213 -0.000657335 -0.000235286 0
16.263 -0.000618043 -7.60936e-005 0
16.303 -0.000601183 3.43938e-005 0
16.343 -0.000598767 0.000128566 0
16.383 -0.000611628 0.000205149 0
16.433 -0.000648753 0.000274824 0
16.473 -0.000694013 0.000308962 0
16.513 -0.000750374 0.000323942 0
16.563 -0.000831544 0.000316199 0
16.603 -0.000899783 0.00029017 0
16.654 -0.000984004 0.000233453 0
16.694 -0.00104163 0.00017401 0
16.744 -0.00109724 8.50544e-005 0
16.784 -0.00112404 7.7932e-006 0
16.824 -0.00113312 -7.12539e-005 0
16.864 -0.00112371 -0.000147969 0
16.914 -0.00108677 -0.000234573 0
16.954 -0.0010394 -0.000291864 0
16.994 -0.000978779 -0.000337066 0
17.044 -0.000889499 -0.000373859 0
17.084 -0.000810247 -0.000388285 0
17.124 -0.000727309 -0.000389778 0
17.174 -0.000623121 -0.00037424 0
17.214 -0.000540333 -0.00035044 0
17.264 -0.000441833 -0.000307896 0
17.304 -0.000367265 -0.000265915 0
17.345 -0.000296257 -0.000216856 0
17.385 -0.000232705 -0.000164437 0
17.435 -0.00016157 -9.43041e-005 0
17.475 -0.000111172 -3.56618e-005 0
17.515 -6.62139e-005 2.47919e-005 0
17.565 -1.45963e-005 0.000101596 0
17.605 2.3597e-005 0.000161173 0
17.655 6.73746e-005 0.000230363 0
17.695 9.80422e-005 0.000281011 0
17.745 0.000131555 0.00033668 0
17.785 0.000154012 0.000374738 0
17.825 0.000172966 0.000406016 0
17.875 0.000191691 0.000435302 0
17.915 0.000202693 0.000450172 0
17.955 0.00021022 0.000457519 0
17.995 0.000214349 0.000457343 0
18.046 0.000214812 0.000443048 0
18.086 0.000210344 0.000417516 0
18.126 0.000208877 0.000394185 0
18.176 0.000231069 0.000381547 0
18.216 0.000263365 0.000377964 0
18.266 0.000343158 0.000387138 0
18.306 0.000439687 0.000402516 0
18.356 0.000602518 0.00043016 0
18.396 0.000760603 0.000457662 0
18.436 0.000936591 0.000490018 0
18.476 0.00112196 0.000527413 0
18.516 0.00130725 0.000569639 0
18.566 0.00152408 0.000627059 0
18.606 0.0016761 0.000674989 0
18.656 0.00182777 0.000729373 0
18.696 0.00191345 0.000763724 0
18.737 0.00196669 0.00078458 0
18.787 0.00198553 0.00078623 0
18.827 0.00196734 0.000765323 0
18.877 0.00190777 0.00071176 0
18.917 0.00183596 0.000646658 0
18.957 0.00174556 0.000564459 0
18.997 0.00163909 0.000467883 0
19.047 0.00148563 0.000331981 0
19.087 0.00134937 0.000214076 0
19.127 0.00120153 9.14879e-005 0
19.177 0.00100135 -6.42441e-005 0
19.217 0.000829775 -0.000188132 0
19.267 0.000601232 -0.000338518 0
19.307 0.000406801 -0.000452333 0
19.347 0.000201868 -0.000556788 0
19.387 -1.23709e-005 -0.000647154 0
19.438 -0.000292406 -0.000735047 0
19.488 -0.000564987 -0.000785926 0
19.528 -0.000774494 -0.00080004 0
19.578 -0.00101613 -0.000787141 0
19.618 -0.00118846 -0.000753743 0
19.668 -0.00137151 -0.000689709 0
19.708 -0.00149011 -0.00062501 0
19.758 -0.0016027 -0.000534911 0
19.798 -0.00166698 -0.00046135 0
19.838 -0.00171157 -0.000390777 0
19.888 -0.00174393 -0.000309286 0
19.928 -0.00175926 -0.000253381 0
19.968 -0.00176823 -0.00020601 0
20.018 -0.00177408 -0.000159118 0
20.058 -0.0017785 -0.000133065 0
20.099 -0.00178234 -0.000117575 0
20.149 -0.00178651 -0.000117353 0
20.189 -0.00178707 -0.000134345 0
20.229 -0.00178338 -0.000171065 0
20.279 -0.00176055 -0.00023977 0
20.319 -0.00170429 -0.000254013 0
20.369 -0.00159528 -0.000223677 0
20.409 -0.00148539 -0.000148402 0
20.449 -0.00136602 -1.6045e-005 0
20.489 -0.00124642 0.00017624 0
20.539 -0.00110714 0.000497047 0
20.579 -0.00100739 0.000806672 0
20.619 -0.000919125 0.00114847 0
20.669 -0.000825032 0.00159561 0
20.709 -0.00076126 0.00194883 0
20.759 -0.000693018 0.00236205 0
20.8 -0.000642018 0.00266245 0
20.85 -0.000580829 0.00296809 0
20.89 -0.000528655 0.00315702 0
20.93 -0.000471572 0.00329269 0
20.97 -0.000408649 0.00337343 0
21.01 -0.000340111 0.00339933 0
21.06 -0.000248536 0.00335731 0
21.1 -0.000173513 0.00326854 0
21.15 -8.1934e-005 0.00309678 0
21.19 -1.42383e-005 0.00291879 0
21.23 4.59161e-005 0.00271259 0
21.28 0.000107707 0.00242773 0
21.32 0.000145445 0.00218773 0
21.37 0.000178282 0.00188515 0
21.41 0.000194414 0.00164773 0
21.45 0.000202789 0.00142 0
21.491 0.000204428 0.00120006 0
21.541 0.000197977 0.000951972 0
21.581 0.000186109 0.00076955 0
21.621 0.000167021 0.000602364 0
21.671 0.000125637 0.000426227 0
21.711 8.433e-005 0.000296766 0
21.761 1.35639e-005 0.000166303 0
21.801 -5.88921e-005 9.02724e-005 0
21.851 -0.00016327 2.7505e-005 0
21.891 -0.000251011 6.91742e-006 0
21.931 -0.000335692 9.55399e-006 0
21.971 -0.000412532 3.24326e-005 0
22.021 -0.000492087 8.28061e-005 0
22.061 -0.000540341 0.000134375 0
22.101 -0.000574613 0.000189899 0
22.151 -0.000598841 0.000258659 0
22.192 -0.000606227 0.000310012 0
22.232 -0.000604652 0.000353483 0
22.282 -0.000592482 0.000397486 0
22.322 -0.000574096 0.000425059 0
22.372 -0.000547073 0.000449321 0
22.412 -0.000528093 0.000461548 0
22.452 -0.000511689 0.00046799 0
22.502 -0.00049664 0.000468931 0
22.542 -0.000491116 0.000464832 0
22.582 -0.000491764 0.000456638 0
22.622 -0.000498898 0.000444288 0
22.672 -0.000517135 0.00042243 0
22.712 -0.000537461 0.000398927 0
22.762 -0.000569148 0.000360548 0
22.802 -0.000595737 0.000322127 0
22.852 -0.000628968 0.000263041 0
22.893 -0.000652164 0.000206418 0
22.933 -0.000669903 0.000143886 0
22.983 -0.000684111 5.48787e-005 0
23.023 -0.000688219 -2.43322e-005 0
23.063 -0.000683153 -0.000106341 0
23.103 -0.000670239 -0.000165681 0
23.153 -0.000646905 -0.000218992 0
23.193 -0.000623212 -0.000246954 0
23.233 -0.000602913 -0.000259053 0
23.283 -0.000590961 -0.000252485 0
23.323 -0.000593374 -0.000233424 0
23.373 -0.000616121 -0.0001971 0
23.413 -0.000646835 -0.00016192 0
23.463 -0.000700825 -0.000114837 0
23.503 -0.00075165 -7.69386e-005 0
23.553 -0.000822374 -3.18328e-005 0
23.594 -0.000882501 2.41652e-006 0
23.634 -0.00094079 3.30936e-005 0
23.674 -0.000996432 6.12264e-005 0
23.724 -0.00105792 9.36404e-005 0
23.764 -0.00109918 0.000118221 0
23.804 -0.00113164 0.000142436 0
23.854 -0.00115981 0.000174083 0
23.894 -0.00117195 0.000202446 0
23.934 -0.00117026 0.000231432 0
23.984 -0.00114764 0.000268022 0
24.024 -0.00111201 0.00029604 0
24.074 -0.00104638 0.000328612 0
24.114 -0.000977728 0.000352152 0
24.154 -0.000895954 0.000372344 0
24.204 -0.000777468 0.000392816 0
24.244 -0.000671842 0.000404355 0
24.285 -0.000556056 0.000410363 0
24.335 -0.000407596 0.000409467 0
24.375 -0.000287844 0.000398909 0
24.415 -0.000167961 0.000381119 0
24.465 -2.22636e-005 0.000345242 0
24.505 9.06836e-005 0.000306852 0
24.555 0.000235515 0.000268669 0
24.595 0.000344249 0.00022609 0
24.635 0.000446833 0.000187524 0
24.685 0.000563526 0.000152639 0
24.725 0.000646283 0.000139855 0
24.775 0.000735915 0.000145836 0
24.815 0.000796973 0.000169509 0
24.855 0.000848855 0.000208335 0
24.895 0.000891865 0.000260107 0
24.935 0.000926032 0.000321817 0
24.986 0.000956635 0.000409892 0
25.026 0.000969276 0.00048147 0
25.076 0.000970505 0.000569202 0
25.116 0.000958447 0.000634043 0
25.166 0.000927471 0.000705608 0
25.206 0.000889427 0.000752922 0
25.256 0.000827177 0.00079876 0
25.296 0.000766352 0.000823948 0
25.336 0.000697763 0.00083933 0
25.386 0.000603903 0.000845717 0
25.426 0.000524778 0.000841835 0
25.466 0.000443868 0.00083127 0
25.506 0.000362356 0.000815291 0
25.556 0.000259054 0.000787691 0
25.596 0.000174403 0.000758775 0
25.636 8.71303e-005 0.00072275 0
25.687 -3.10794e-005 0.000718679 0
25.727 -0.000117019 0.000684074 0
25.777 -0.000232213 0.000644219 0
25.817 -0.000330955 0.000614916 0
25.857 -0.000438826 0.000590528 0
25.907 -0.000586865 0.000566685 0
25.947 -0.000712285 0.000550543 0
25.987 -0.000840781 0.000535842 0
26.037 -0.000999007 0.000517292 0
26.077 -0.00111702 0.000500128 0
26.117 -0.00122191 0.000479251 0
26.167 -0.00132736 0.000445454 0
26.207 -0.00138634 0.000410203 0
26.257 -0.00142384 0.000353229 0
26.297 -0.00142315 0.000295665 0
26.337 -0.00139506 0.000226244 0
26.388 -0.00132168 0.000120069 0
26.428 -0.00123715 2.29123e-005 0
26.468 -0.0011319 -8.57806e-005 0
26.518 -0.00097587 -0.000235226 0
26.558 -0.000834549 -0.000364252 0
26.598 -0.000680954 -0.000498644 0
26.638 -0.000516623 -0.000635091 0
26.688 -0.000298224 -0.000802815 0
26.728 -0.000115477 -0.000929995 0
26.778 0.00011972 -0.00107871 0
26.818 0.000306541 -0.00117804 0
26.868 0.000526546 -0.00126302 0
26.908 0.000695759 -0.00131005 0
26.948 0.000850239 -0.00133021 0
26.998 0.00101867 -0.00131729 0
27.038 0.00113024 -0.00127444 0
27.079 0.00122321 -0.0012037 0
27.119 0.00129314 -0.00111102 0
27.169 0.00135203 -0.000968263 0
27.209 0.00137676 -0.000836753 0
27.259 0.00137889 -0.000658263 0
27.299 0.00135676 -0.000509119 0
27.339 0.0013134 -0.000357053 0
27.389 0.00123073 -0.000165286 0
27.429 0.00114302 -1.21212e-005 0
27.479 0.00101112 0.000177889 0
27.519 0.000895688 0.000328768 0
27.569 0.000741189 0.000511542 0
27.609 0.000607904 0.000649572 0
27.649 0.000470729 0.000776655 0
27.689 0.000332483 0.000889377 0
27.739 0.000162623 0.00100569 0
27.78 2.87568e-005 0.00107827 0
27.82 -9.43014e-005 0.00112817 0
27.87 -0.000235535 0.00116146 0
27.91 -0.000335762 0.00116556 0
27.96 -0.000445513 0.00114415 0
28 -0.000518598 0.00110799 0
28.04 -0.00057992 0.00105604 0
28.09 -0.000641926 0.000970384 0
28.13 -0.000679778 0.000887418 0
28.18 -0.000716572 0.000763168 0
28.22 -0.000738123 0.000647208 0
28.26 -0.000750846 0.000527099 0
28.3 -0.000757985 0.000417297 0
28.35 -0.000760726 0.000286892 0
28.39 -0.000757857 0.000187446 0
28.43 -0.000756558 9.49912e-005 0
28.481 -0.000763457 -1.21955e-005 0
28.521 -0.000774416 -8.96644e-005 0
28.571 -0.000798397 -0.000179979 0
28.611 -0.000822428 -0.000248032 0
28.651 -0.000850628 -0.000312889 0
28.701 -0.000890118 -0.000389386 0
28.741 -0.00092224 -0.00044606 0
28.781 -0.000954 -0.000497854 0
28.821 -0.000984155 -0.000543609 0
28.871 -0.00101724 -0.000590222 0
28.911 -0.00103928 -0.000617349 0
28.961 -0.00105753 -0.000636435 0
29.001 -0.00106523 -0.000637826 0
29.041 -0.00106685 -0.000625524 0
29.091 -0.0010588 -0.000589798 0
29.131 -0.00104011 -0.000547009 0
29.172 -0.00100787 -0.000492419 0
29.222 -0.000950058 -0.000414557 0
29.262 -0.000889521 -0.000346778 0
29.302 -0.00081736 -0.000277132 0
29.342 -0.000735332 -0.000208133 0
29.392 -0.000622192 -0.000125278 0
29.432 -0.000526697 -6.45638e-005 0
29.482 -0.000404904 2.82671e-006 0
29.522 -0.000310151 4.59618e-005 0
29.572 -0.000196919 8.76523e-005 0
29.612 -0.000112786 0.000109257 0
29.652 -3.35842e-005 0.000121441 0
29.692 4.37872e-005 0.00012856 0
29.742 0.000141678 0.000146205 0
29.782 0.000215666 0.000155249 0
29.833 0.000304186 0.000176877 0
29.873 0.000368223 0.000206247 0
29.913 0.000427316 0.000248701 0
29.963 0.000494693 0.000320743 0
30.003 0.000544266 0.000393372 0
30.043 0.000590325 0.000476336 0
30.093 0.000643549 0.000590045 0
30.133 0.000682379 0.000684402 0
30.173 0.00071746 0.000777716 0
30.223 0.000755437 0.00088803 0
30.263 0.000779697 0.000967094 0
30.313 0.000802027 0.00105123 0
30.353 0.000812541 0.00110446 0
30.393 0.000816723 0.00114433 0
30.433 0.000814902 0.00117055 0
30.483 0.000805271 0.00118459 0
30.523 0.000792807 0.0011818 0
30.574 0.000772809 0.00116261 0
30.614 0.000755579 0.00113775 0
30.654 0.000738016 0.00110663 0
30.694 0.000720777 0.00107171 0
30.744 0.000699837 0.00102648 0
30.784 0.000682943 0.000991843 0
30.824 0.000664521 0.000960452 0
30.874 0.000635964 0.000926076 0
30.914 0.000605257 0.000901399 0
30.964 0.000553976 0.000861709 0
31.004 0.000483696 0.000860566 0
31.044 0.000397327 0.000859777 0
31.094 0.000255112 0.000868116 0
31.134 0.00011557 0.000877714 0
31.174 -4.80226e-005 0.000888354 0
31.225 -0.000285751 0.000898131 0
31.265 -0.000485514 0.000897726 0
31.305 -0.000688465 0.000887297 0
31.355 -0.00093284 0.00085645 0
31.395 -0.00111129 0.000815278 0
31.445 -0.001301 0.000738717 0
31.485 -0.00142053 0.00065489 0
31.525 -0.00150844 0.000547806 0
31.575 -0.0015741 0.000379365 0
31.615 -0.0015931 0.00021602 0
31.665 -0.00157973 -2.18191e-005 0
31.705 -0.00154343 -0.000237229 0
31.745 -0.00148745 -0.000470881 0
31.795 -0.00139259 -0.000779327 0
31.835 -0.00129998 -0.0010346 0
31.875 -0.00119306 -0.00128893 0
31.916 -0.00106971 -0.00154173 0
31.966 -0.000902938 -0.00183139 0
32.006 -0.000758428 -0.00204329 0
32.046 -0.000605844 -0.00223641 0
32.096 -0.000404326 -0.00243925 0
32.136 -0.000245708 -0.00250408 0
32.186 -6.25969e-005 -0.00246573 0
32.226 5.98758e-005 -0.00233357 0
32.276 0.000170162 -0.00203761 0
32.316 0.000222416 -0.00170295 0
32.356 0.000246046 -0.00129111 0
32.406 0.000246713 -0.000688273 0
32.446 0.000236575 -0.000153343 0
32.486 0.000221917 0.000414937 0
32.526 0.000195682 0.000989845 0
32.576 0.000155457 0.00167599 0
32.617 0.000117462 0.00218631 0
32.667 6.16524e-005 0.00272148 0
32.707 4.22988e-006 0.00306728 0
32.747 -6.79217e-005 0.00333445 0
32.797 -0.000180655 0.0035564 0
32.837 -0.000290556 0.00364419 0
32.877 -0.000414357 0.00365652 0
32.927 -0.000581912 0.00357309 0
32.967 -0.000719579 0.00343441 0
33.007 -0.000854384 0.00323911 0
33.047 -0.000981947 0.00299402 0
33.097 -0.00113231 0.00261975 0
33.137 -0.00124037 0.00228333 0
33.187 -0.0013556 0.00188556 0
33.227 -0.00143537 0.00157836 0
33.277 -0.00153565 0.00124016 0
33.318 -0.00162438 0.00100665 0
33.358 -0.00172085 0.000821355 0
33.398 -0.001827 0.000677695 0
33.448 -0.00196859 0.000552657 0
33.488 -0.00208136 0.000489681 0
33.528 -0.00218574 0.000453066 0
33.578 -0.00229188 0.000433117 0
33.618 -0.0023474 0.000427649 0
33.668 -0.00236909 0.000420347 0
33.708 -0.0023423 0.000404172 0
33.748 -0.00227344 0.000370997 0
33.798 -0.00212808 0.000296954 0
33.838 -0.00196644 0.000206148 0
33.878 -0.00176831 8.45368e-005 0
33.918 -0.00153822 -6.88094e-005 0
33.968 -0.00121291 -0.000304188 0
34.009 -0.000919526 -0.000531557 0
34.049 -0.000611934 -0.00077863 0
34.099 -0.000197557 -0.00111082 0
34.139 0.000154346 -0.00138139 0
34.189 0.000610566 -0.00170862 0
34.229 0.000962845 -0.0019307 0
34.279 0.00138964 -0.00216559 0
34.319 0.00171113 -0.00231441 0
34.359 0.00200677 -0.00242526 0
34.399 0.00227107 -0.00249764 0
34.449 0.00255124 -0.00253625 0
34.489 0.0027296 -0.00252494 0
34.529 0.00286494 -0.00248185 0
34.579 0.00296968 -0.00238928 0
34.619 0.00299953 -0.00228853 0
34.669 0.00296617 -0.00213523 0
34.71 0.00287961 -0.00198936 0
34.75 0.00274582 -0.00182933 0
34.8 0.00252377 -0.00159964 0
34.84 0.00231144 -0.00139317 0
34.88 0.00207485 -0.00117028 0
34.93 0.0017632 -0.000874147 0
34.97 0.0015103 -0.000628659 0
35.01 0.00126468 -0.000381123 0
35.05 0.00103276 -0.000135981 0
35.1 0.000768518 0.000161685 0
35.14 0.000578129 0.000389345 0
35.19 0.000364961 0.000653256 0
35.23 0.000214248 0.000841035 0
35.28 5.28561e-005 0.00104082 0
35.32 -5.25884e-005 0.00117145 0
35.36 -0.000137532 0.00127672 0
35.411 -0.000219048 0.00137605 0
35.451 -0.00026268 0.00142845 0
35.501 -0.000298638 0.00146339 0
35.541 -0.000314866 0.00146791 0
35.581 -0.000323611 0.00145104 0
35.621 -0.000327128 0.00141238 0
35.671 -0.000327841 0.00133125 0
35.711 -0.000326639 0.0012369 0
35.751 -0.000322724 0.00111991 0
35.801 -0.00032523 0.000991739 0
35.841 -0.000316889 0.000868278 0
35.891 -0.000307641 0.000706758 0
35.931 -0.000301373 0.000573188 0
35.971 -0.000300931 0.000438492 0
36.021 -0.000312342 0.000269611 0
36.061 -0.000329563 0.000133382 0
36.102 -0.000353219 -7.82417e-006 0
36.142 -0.000378279 -0.000146196 0
36.192 -0.000407762 -0.000316116 0
36.232 -0.000425616 -0.000445363 0
36.282 -0.000439114 -0.000594252 0
36.322 -0.000440667 -0.000699957 0
36.372 -0.000430349 -0.000812352 0
36.412 -0.000411783 -0.000884719 0
36.452 -0.000384285 -0.000940586 0
36.492 -0.000348392 -0.000979607 0
36.542 -0.000292736 -0.00100477 0
36.582 -0.000241783 -0.00100664 0
36.622 -0.000186288 -0.000992992 0
36.672 -0.000112178 -0.000955361 0
36.712 -5.16878e-005 -0.000909778 0
36.752 9.36208e-006 -0.000851704 0
36.803 8.95774e-005 -0.00076228 0
36.843 0.000154769 -0.000682982 0
36.893 0.000240976 -0.00057789 0
36.933 0.000295088 -0.00044357 0
36.973 0.000345524 -0.000295979 0
37.013 0.000393264 -0.000135499 0
37.063 0.000450159 8.34905e-005 0
37.103 0.000490772 0.000267487 0
37.143 0.000527061 0.000453467 0
37.193 0.000568353 0.000680642 0
37.233 0.00059659 0.000850521 0
37.283 0.000628083 0.00104164 0
37.323 0.000646719 0.00117283 0
37.373 0.000664309 0.00130643 0
37.413 0.000672075 0.00138724 0
37.453 0.000675388 0.0014444 0
37.494 0.000674172 0.0014786 0
37.544 0.000663646 0.00148776 0
37.584 0.000652225 0.00147263 0
37.624 0.000644894 0.0014434 0
37.674 0.000637195 0.00138938 0
37.714 0.000628936 0.00133231 0
37.754 0.000619253 0.00126759 0
37.804 0.000604118 0.00118055 0
37.844 0.000587862 0.00110797 0
37.894 0.000560236 0.00101707 0
37.934 0.000530213 0.000945808 0
37.974 0.000491572 0.000876518 0
38.024 0.000429253 0.000792924 0
38.064 0.000366457 0.000728754 0
38.104 0.000292811 0.000664993 0
38.144 0.000209332 0.000600397 0
38.195 8.98246e-005 0.000516176 0
38.235 -8.65176e-006 0.000446446 0
38.285 -0.000135885 0.000354514 0
38.325 -0.00023423 0.000275788 0
38.375 -0.000350296 0.000171038 0
38.415 -0.000432386 8.28498e-005 0
38.455 -0.000502992 -7.46426e-006 0
38.505 -0.000571785 -0.00012088 0
38.545 -0.000611031 -0.000209652 0
38.585 -0.000634791 -0.000295805 0
38.625 -0.000642398 -0.000378652 0
38.675 -0.0006458 -0.000458293 0
38.715 -0.000637028 -0.000510483 0
38.755 -0.000619498 -0.000547221 0
38.805 -0.000585217 -0.000563872 0
38.845 -0.000547329 -0.00055349 0
38.896 -0.000483164 -0.000507832 0
38.936 -0.000420095 -0.000449793 0
38.986 -0.00032554 -0.00035534 0
39.026 -0.000239262 -0.000267895 0
39.066 -0.00014705 -0.000175484 0
39.106 -5.29366e-005 -8.25132e-005 0
39.146 3.92604e-005 7.51196e-006 0
39.196 0.000144471 0.000115302 0
39.236 0.000212091 0.000195418 0
39.286 0.000273256 0.0002871 0
39.326 0.000299029 0.000353695 0
39.376 0.000302758 0.000428111 0
39.416 0.000282643 0.000480138 0
39.456 0.000243641 0.000524641 0
39.506 0.000170638 0.000568218 0
