0.1 0.365556 -0.930786 0
0.2 0.316625 -0.948541 0
0.3 0.243355 -0.969924 0
0.4 0.157536 -0.987504 0
0.5 0.0723418 -0.997382 0
0.6 -0.00166494 -1.00001 0
0.7 -0.0600442 -0.998221 0
0.8 -0.106082 -0.994386 0
0.9 -0.147816 -0.98904 0
1 -0.191375 -0.981533 0
1.1 -0.237211 -0.971463 0
1.2 -0.281265 -0.959625 0
1.3 -0.317292 -0.948314 0
1.4 -0.338242 -0.941038 0
1.5 -0.337221 -0.941396 0
1.6 -0.308887 -0.951056 0
1.7 -0.251203 -0.967874 0
1.8 -0.16718 -0.985846 0
1.9 -0.0658736 -0.997732 0
2 0.0389838 -0.999138 0
2.1 0.133245 -0.990982 0
2.2 0.206994 -0.978242 0
2.3 0.256691 -0.966391 0
2.4 0.284373 -0.958605 0
2.5 0.294979 -0.955388 0
2.6 0.293474 -0.955844 0
2.7 0.283474 -0.958851 0
2.8 0.267321 -0.963474 0
2.9 0.24618 -0.969087 0
3 0.219143 -0.975553 0
3.1 0.182137 -0.983129 0
3.2 0.129055 -0.991484 0
3.3 0.0559072 -0.998264 0
3.4 -0.0351991 -0.999187 0
3.5 -0.135148 -0.990614 0
3.6 -0.230135 -0.972939 0
3.7 -0.306245 -0.951731 0
3.8 -0.353794 -0.9351 0
3.9 -0.368911 -0.929236 0
4 -0.352852 -0.935442 0
4.1 -0.311046 -0.95015 0
4.2 -0.252083 -0.967458 0
4.3 -0.186019 -0.982301 0
4.4 -0.122187 -0.992268 0
4.5 -0.066642 -0.997544 0
4.6 -0.019246 -0.999587 0
4.7 0.0269554 -0.999407 0
4.8 0.0805057 -0.996512 0
4.9 0.144509 -0.989244 0
5 0.214849 -0.976371 0
5.1 0.282629 -0.958941 0
5.2 0.337139 -0.941158 0
5.3 0.36849 -0.929329 0
5.4 0.369744 -0.928823 0
5.5 0.338027 -0.940813 0
5.6 0.275215 -0.961046 0
5.7 0.188765 -0.981675 0
5.8 0.0912241 -0.995483 0
5.9 -0.00315071 -0.999654 0
6 -0.0831426 -0.996205 0
6.1 -0.143991 -0.989252 0
6.2 -0.187949 -0.981852 0
6.3 -0.221206 -0.974897 0
6.4 -0.248954 -0.968179 0
6.5 -0.272816 -0.961725 0
6.6 -0.29155 -0.95621 0
6.7 -0.302426 -0.952825 0
6.8 -0.301668 -0.953064 0
6.9 -0.284412 -0.958353 0
7 -0.245539 -0.969035 0
7.1 -0.181944 -0.982949 0
7.2 -0.0951896 -0.995088 0
7.3 0.00698104 -0.999595 0
7.4 0.111622 -0.993368 0
7.5 0.204462 -0.978499 0
7.6 0.274605 -0.96119 0
7.7 0.317003 -0.948066 0
7.8 0.332104 -0.94289 0
7.9 0.324142 -0.945661 0
8 0.299178 -0.953858 0
8.1 0.263565 -0.964313 0
8.2 0.223103 -0.974479 0
8.3 0.182207 -0.982959 0
8.4 0.142134 -0.989562 0
8.5 0.0990571 -0.99481 0
8.6 0.0454695 -0.998699 0
8.7 -0.0240269 -0.999441 0
8.8 -0.107924 -0.993882 0
8.9 -0.197635 -0.979995 0
9 -0.280351 -0.959621 0
9.1 -0.343134 -0.939021 0
9.2 -0.376635 -0.926108 0
9.3 -0.376622 -0.92612 0
9.4 -0.343752 -0.938818 0
9.5 -0.283426 -0.958757 0
9.6 -0.205526 -0.978426 0
9.7 -0.122465 -0.992266 0
9.8 -0.0457331 -0.998769 0
9.9 0.0176977 -0.999682 0
10 0.0680846 -0.997536 0
10.1 0.112263 -0.993546 0
10.2 0.157867 -0.987332 0
10.3 0.207501 -0.978107 0
10.4 0.258128 -0.965984 0
10.5 0.303457 -0.952722 0
10.6 0.335953 -0.941762 0
10.7 0.348111 -0.937343 0
10.8 0.333793 -0.942539 0
10.9 0.289748 -0.956994 0
11 0.217159 -0.976021 0
11.1 0.122918 -0.992298 0
11.2 0.0192724 -0.9997 0
11.3 -0.0794519 -0.996736 0
11.4 -0.161655 -0.986759 0
11.5 -0.221667 -0.975046 0
11.6 -0.259957 -0.965551 0
11.7 -0.280848 -0.959688 0
11.8 -0.289271 -0.957187 0
11.9 -0.288723 -0.957357 0
12 -0.281125 -0.95962 0
12.1 -0.267276 -0.963574 0
12.2 -0.246551 -0.96909 0
12.3 -0.215937 -0.976373 0
12.4 -0.170172 -0.985381 0
12.5 -0.104581 -0.994476 0
12.6 -0.0190767 -0.999765 0
12.7 0.079722 -0.996752 0
12.8 0.179477 -0.983693 0
12.9 0.26593 -0.963928 0
13 0.327633 -0.944749 0
13.1 0.358662 -0.933417 0
13.2 0.358544 -0.933464 0
13.3 0.331146 -0.94353 0
13.4 0.283572 -0.958904 0
13.5 0.224754 -0.974375 0
13.6 0.163696 -0.986481 0
13.7 0.107443 -0.994194 0
13.8 0.0584178 -0.998287 0
13.9 0.0123476 -0.999926 0
14 -0.0392218 -0.999231 0
14.1 -0.10191 -0.994784 0
14.2 -0.174158 -0.984696 0
14.3 -0.24826 -0.968663 0
14.4 -0.313394 -0.949589 0
14.5 -0.358665 -0.933432 0
14.6 -0.37572 -0.926696 0
14.7 -0.360203 -0.932827 0
14.8 -0.312264 -0.949936 0
14.9 -0.237181 -0.971393 0
15 -0.145554 -0.989273 0
15.1 -0.0511062 -0.99862 0
15.2 0.033643 -0.999368 0
15.3 0.101434 -0.994783 0
15.4 0.152183 -0.988294 0
15.5 0.191371 -0.981454 0
15.6 0.225121 -0.974257 0
15.7 0.256111 -0.966562 0
15.8 0.283319 -0.958929 0
15.9 0.303642 -0.952679 0
16 0.312933 -0.949658 0
16.1 0.306234 -0.95183 0
16.2 0.278345 -0.960343 0
16.3 0.225502 -0.974088 0
16.4 0.147744 -0.98885 0
16.5 0.0507514 -0.998514 0
16.6 -0.0541632 -0.998321 0
16.7 -0.152926 -0.98802 0
16.8 -0.233339 -0.972176 0
16.9 -0.288445 -0.957275 0
17 -0.31704 -0.948185 0
17.1 -0.322201 -0.946438 0
17.2 -0.309167 -0.950768 0
17.3 -0.283578 -0.958706 0
17.4 -0.250581 -0.96785 0
17.5 -0.214374 -0.976507 0
17.6 -0.177089 -0.983951 0
17.7 -0.136908 -0.990341 0
17.8 -0.0877861 -0.995893 0
17.9 -0.0233948 -0.999467 0
18 0.0574018 -0.998073 0
18.1 0.148463 -0.988622 0
18.2 0.238077 -0.970939 0
18.3 0.31275 -0.949526 0
18.4 0.361435 -0.932088 0
18.5 0.37804 -0.925478 0
18.6 0.361559 -0.932032 0
18.7 0.315597 -0.948571 0
18.8 0.248122 -0.968406 0
18.9 0.170253 -0.985085 0
19 0.0935452 -0.995312 0
19.1 0.0266688 -0.999355 0
19.2 -0.0277366 -0.999338 0
19.3 -0.0743154 -0.996964 0
19.4 -0.121216 -0.992353 0
19.5 -0.17328 -0.984592 0
19.6 -0.229105 -0.973113 0
19.7 -0.282752 -0.958898 0
19.8 -0.326262 -0.944982 0
19.9 -0.351417 -0.935921 0
20 -0.351225 -0.935991 0
20.1 -0.321358 -0.946652 0
20.2 -0.261456 -0.964901 0
20.3 -0.176392 -0.983998 0
20.4 -0.0766499 -0.996735 0
20.5 0.0238812 -0.999399 0
20.6 0.11241 -0.993358 0
20.7 0.181236 -0.983146 0
20.8 0.229077 -0.973122 0
20.9 0.259478 -0.965465 0
21 0.277403 -0.960472 0
21.1 0.286433 -0.95782 0
21.2 0.288177 -0.957301 0
21.3 0.282911 -0.958874 0
21.4 0.269817 -0.962644 0
21.5 0.246396 -0.968907 0
21.6 0.20818 -0.977832 0
21.7 0.15044 -0.988358 0
21.8 0.0716097 -0.997163 0
21.9 -0.023957 -0.999433 0
22 -0.125761 -0.991775 0
22.1 -0.219914 -0.975237 0
22.2 -0.293744 -0.955612 0
22.3 -0.339414 -0.940376 0
22.4 -0.354715 -0.934722 0
22.5 -0.34206 -0.939433 0
22.6 -0.307192 -0.951411 0
22.7 -0.257837 -0.965965 0
22.8 -0.202242 -0.979128 0
22.9 -0.147637 -0.988853 0
23 -0.0981029 -0.995007 0
23.1 -0.0520515 -0.998493 0
23.2 -0.00238247 -0.999856 0
23.3 0.0580498 -0.998173 0
23.4 0.130396 -0.991317 0
23.5 0.208768 -0.977818 0
23.6 0.282749 -0.95905 0
23.7 0.340701 -0.940036 0
23.8 0.372881 -0.927753 0
23.9 0.373451 -0.92753 0
24 0.341035 -0.939931 0
24.1 0.279018 -0.960166 0
24.2 0.195951 -0.9805 0
24.3 0.104387 -0.994437 0
24.4 0.0173485 -0.999769 0
24.5 -0.055883 -0.998377 0
24.6 -0.112692 -0.993586 0
24.7 -0.157149 -0.987541 0
24.8 -0.195935 -0.980586 0
24.9 -0.233066 -0.97243 0
25 -0.268162 -0.963343 0
25.1 -0.297898 -0.954568 0
25.2 -0.317609 -0.948194 0
25.3 -0.321964 -0.946725 0
25.4 -0.305515 -0.95216 0
25.5 -0.263982 -0.964495 0
25.6 -0.196234 -0.980514 0
25.7 -0.106178 -0.994292 0
25.8 -0.00341539 -0.999932 0
25.9 0.0986402 -0.995061 0
26 0.186993 -0.982306 0
26.1 0.253029 -0.967411 0
26.2 0.293927 -0.955784 0
26.3 0.311622 -0.950164 0
26.4 0.310624 -0.950491 0
26.5 0.29595 -0.955162 0
26.6 0.272059 -0.962241 0
26.7 0.242596 -0.970091 0
26.8 0.209848 -0.977701 0
26.9 0.1733 -0.98484 0
27 0.128567 -0.991672 0
27.1 0.0694696 -0.997548 0
27.2 -0.00701308 -0.999923 0
27.3 -0.0972522 -0.99519 0
27.4 -0.191208 -0.981467 0
27.5 -0.275498 -0.961215 0
27.6 -0.337771 -0.941143 0
27.7 -0.370103 -0.928906 0
27.8 -0.36984 -0.929007 0
27.9 -0.339009 -0.940688 0
28 -0.283824 -0.958777 0
28.1 -0.213863 -0.976767 0
28.2 -0.140065 -0.990053 0
28.3 -0.071915 -0.997332 0
28.4 -0.0143703 -0.999829 0
28.5 0.0345345 -0.999341 0
28.6 0.0822745 -0.996545 0
28.7 0.135512 -0.990701 0
28.8 0.19496 -0.980724 0
28.9 0.255586 -0.966688 0
29 0.309239 -0.950877 0
29.1 0.346971 -0.937763 0
29.2 0.36085 -0.932504 0
29.3 0.345497 -0.938289 0
29.4 0.299224 -0.954037 0
29.5 0.225103 -0.974174 0
29.6 0.131729 -0.991114 0
29.7 0.0320318 -0.999314 0
29.8 -0.0605659 -0.997996 0
29.9 -0.136557 -0.990469 0
30 -0.192752 -0.981085 0
30.1 -0.231668 -0.972629 0
30.2 -0.258291 -0.965894 0
30.3 -0.276524 -0.960825 0
30.4 -0.287873 -0.957479 0
30.5 -0.292083 -0.956196 0
30.6 -0.287853 -0.957471 0
30.7 -0.272697 -0.96189 0
30.8 -0.242637 -0.9699 0
30.9 -0.193145 -0.980942 0
31 -0.121794 -0.992309 0
31.1 -0.0311045 -0.999249 0
31.2 0.0703444 -0.997237 0
31.3 0.169571 -0.985223 0
31.4 0.253278 -0.967096 0
31.5 0.311999 -0.949785 0
31.6 0.341816 -0.939468 0
31.7 0.343739 -0.938764 0
31.8 0.322284 -0.94634 0
31.9 0.28402 -0.958516 0
32 0.236234 -0.971399 0
32.1 0.185762 -0.982304 0
32.2 0.137458 -0.990226 0
32.3 0.0918863 -0.995497 0
32.4 0.0440012 -0.998763 0
32.5 -0.013635 -0.999634 0
32.6 -0.0845369 -0.996135 0
32.7 -0.165099 -0.985979 0
32.8 -0.245923 -0.968983 0
32.9 -0.315036 -0.948771 0
33 -0.361436 -0.932091 0
33.1 -0.377756 -0.925601 0
33.2 -0.361173 -0.932192 0
33.3 -0.313436 -0.9493 0
33.4 -0.241143 -0.970182 0
33.5 -0.155273 -0.987573 0
33.6 -0.0685956 -0.997362 0
33.7 0.00824301 -0.999703 0
33.8 0.070203 -0.997286 0
33.9 0.119335 -0.992618 0
34 0.162225 -0.986522 0
34.1 0.204293 -0.978678 0
34.2 0.246281 -0.968965 0
34.3 0.284967 -0.958303 0
34.4 0.315169 -0.948803 0
34.5 0.330977 -0.943408 0
34.6 0.326489 -0.944972 0
34.7 0.296895 -0.95468 0
34.8 0.24011 -0.97051 0
34.9 0.158523 -0.987112 0
35 0.0600539 -0.997947 0
35.1 -0.0428554 -0.998836 0
35.2 -0.136848 -0.990356 0
35.3 -0.211925 -0.977062 0
35.4 -0.263702 -0.96439 0
35.5 -0.292985 -0.955909 0
35.6 -0.303639 -0.952585 0
35.7 -0.300198 -0.953682 0
35.8 -0.286506 -0.95789 0
35.9 -0.265508 -0.963929 0
36 -0.239155 -0.97081 0
36.1 -0.207511 -0.978071 0
36.2 -0.167556 -0.985709 0
36.3 -0.113898 -0.993341 0
36.4 -0.042528 -0.998938 0
36.5 0.0451238 -0.998813 0
36.6 0.141015 -0.98983 0
36.7 0.23251 -0.972417 0
36.8 0.306479 -0.951708 0
36.9 0.35333 -0.935339 0
37 0.368743 -0.929379 0
37.1 0.353281 -0.93537 0
37.2 0.311617 -0.950066 0
37.3 0.251772 -0.967655 0
37.4 0.183631 -0.982879 0
37.5 0.116712 -0.993068 0
37.6 0.0574926 -0.998269 0
37.7 0.00660649 -0.999918 0
37.8 -0.0417438 -0.999079 0
37.9 -0.0951635 -0.995414 0
38 -0.156634 -0.987605 0
38.1 -0.222619 -0.974851 0
38.2 -0.285193 -0.958415 0
38.3 -0.334782 -0.942244 0
38.4 -0.362455 -0.931954 0
38.5 -0.361738 -0.932233 0
38.6 -0.329741 -0.94402 0
38.7 -0.267967 -0.96337 0
38.8 -0.183144 -0.983024 0
38.9 -0.0868492 -0.996164 0
39 0.00745129 -0.999927 0
39.1 0.0888088 -0.996018 0
39.2 0.152065 -0.988351 0
39.3 0.198391 -0.980108 0
39.4 0.232655 -0.972546 0
39.5 0.259286 -0.965785 0
39.6 0.279985 -0.959986 0
39.7 0.294089 -0.955757 0
39.8 0.299664 -0.954022 0
39.9 0.293868 -0.955821 0
40 0.27282 -0.962037 0

