0 0 0 0
0.031 4.62241e-012 -1.1105e-015 0
0.062 1.79662e-010 -1.69426e-013 0
0.109 9.78962e-010 -1.0043e-012 0
0.14 1.41128e-009 7.13994e-014 0
0.187 2.65814e-009 -3.85076e-012 0
0.234 4.17905e-009 -8.21407e-012 0
0.281 5.94668e-009 -1.31126e-011 0
0.328 7.92751e-009 -1.83701e-011 0
0.359 8.56211e-009 2.37863e-011 0
0.406 1.07938e-008 2.37089e-013 0
0.437 1.13929e-008 6.97686e-011 0
0.484 1.37587e-008 2.4596e-011 0
0.515 1.42552e-008 1.35759e-010 0
0.547 1.47587e-008 2.50406e-010 0
0.594 1.7079e-008 1.57952e-010 0
0.64 1.89778e-008 1.35948e-010 0
0.672 1.90575e-008 3.90875e-010 0
0.703 1.90096e-008 6.62022e-010 0
0.75 2.05696e-008 6.12964e-010 0
0.781 2.01286e-008 1.00774e-009 0
0.828 2.0967e-008 1.06838e-009 0
0.859 2.00565e-008 1.61714e-009 0
0.89 1.90281e-008 2.19651e-009 0
0.937 1.8694e-008 2.47333e-009 0
0.969 1.71183e-008 3.24263e-009 0
1.015 1.56338e-008 3.85514e-009 0
1.047 1.35402e-008 4.80466e-009 0
1.094 1.11378e-008 5.68446e-009 0
1.125 8.63363e-009 6.79944e-009 0
1.172 5.34004e-009 8.11565e-009 0
1.203 2.54381e-009 9.46586e-009 0
1.234 -2.99399e-010 1.08796e-008 0
1.281 -4.54818e-009 1.31371e-008 0
1.312 -7.6666e-009 1.50295e-008 0
1.359 -1.2702e-008 1.82979e-008 0
1.39 -1.61522e-008 2.06373e-008 0
1.437 -2.19696e-008 2.48748e-008 0
1.469 -2.58626e-008 2.76594e-008 0
1.5 -2.96364e-008 3.03416e-008 0
1.547 -3.62644e-008 3.55809e-008 0
1.578 -4.02861e-008 3.84161e-008 0
1.625 -4.72987e-008 4.4244e-008 0
1.656 -5.1422e-008 4.70632e-008 0
1.703 -5.85652e-008 5.30984e-008 0
1.734 -6.26783e-008 5.56533e-008 0
1.765 -6.66733e-008 5.8044e-008 0
1.812 -7.34601e-008 6.35528e-008 0
1.844 -7.7454e-008 6.54489e-008 0
1.875 -8.11505e-008 6.69698e-008 0
1.922 -8.71836e-008 7.08572e-008 0
1.953 -9.04987e-008 7.14151e-008 0
2 -9.56973e-008 7.33053e-008 0
2.031 -9.85221e-008 7.25855e-008 0
2.078 -1.0274e-007 7.18185e-008 0
2.109 -1.05045e-007 6.96534e-008 0
2.156 -1.08293e-007 6.59376e-008 0
2.187 -1.10102e-007 6.23651e-008 0
2.219 -1.11818e-007 5.83835e-008 0
2.265 -1.13915e-007 5.14181e-008 0
2.297 -1.15214e-007 4.64077e-008 0
2.344 -1.16694e-007 3.71568e-008 0
2.375 -1.17638e-007 3.1873e-008 0
2.406 -1.18498e-007 2.68432e-008 0
2.453 -1.19415e-007 1.67334e-008 0
2.484 -1.20043e-007 1.25065e-008 0
2.531 -1.2071e-007 3.52514e-009 0
2.562 -1.21036e-007 1.13659e-009 0
2.609 -1.21368e-007 -4.83014e-009 0
2.64 -1.21186e-007 -4.40361e-009 0
2.672 -1.20778e-007 -2.68178e-009 0
2.719 -1.20123e-007 -1.57151e-009 0
2.75 -1.1874e-007 4.10213e-009 0
2.797 -1.1659e-007 1.18965e-008 0
2.828 -1.13805e-007 2.2041e-008 0
2.859 -1.10444e-007 3.39753e-008 0
2.906 -1.05078e-007 5.24591e-008 0
2.937 -9.96944e-008 6.93365e-008 0
2.984 -9.09069e-008 9.62076e-008 0
3.015 -8.30153e-008 1.18239e-007 0
3.047 -7.37212e-008 1.42934e-007 0
3.094 -5.85025e-008 1.81683e-007 0
3.125 -4.61474e-008 2.10868e-007 0
3.172 -2.50606e-008 2.57977e-007 0
3.203 -8.78709e-009 2.92129e-007 0
3.25 1.91888e-008 3.47104e-007 0
3.281 3.99576e-008 3.85849e-007 0
3.312 6.248e-008 4.25802e-007 0
3.359 1.01403e-007 4.8974e-007 0
3.39 1.29126e-007 5.33285e-007 0
3.437 1.76972e-007 6.02486e-007 0
3.469 2.11139e-007 6.50039e-007 0
3.515 2.66342e-007 7.20781e-007 0
3.547 3.05555e-007 7.69601e-007 0
3.578 3.45113e-007 8.16893e-007 0
3.625 4.12157e-007 8.90137e-007 0
3.656 4.55813e-007 9.37255e-007 0
3.703 5.2884e-007 1.00928e-006 0
3.734 5.75913e-007 1.05532e-006 0
3.765 6.24115e-007 1.10064e-006 0
3.812 7.03184e-007 1.16867e-006 0
3.844 7.5564e-007 1.21328e-006 0
3.89 8.35612e-007 1.27589e-006 0
3.922 8.90028e-007 1.31768e-006 0
3.969 9.74116e-007 1.3769e-006 0
4 1.0281e-006 1.41413e-006 0
4.031 1.08248e-006 1.44993e-006 0
4.078 1.16793e-006 1.50143e-006 0
4.109 1.22286e-006 1.53342e-006 0
4.156 1.3083e-006 1.57881e-006 0
4.187 1.36327e-006 1.60667e-006 0
4.234 1.44794e-006 1.64555e-006 0
4.265 1.50242e-006 1.66904e-006 0
4.312 1.58561e-006 1.7011e-006 0
4.344 1.64086e-006 1.72058e-006 0
4.375 1.69388e-006 1.73755e-006 0
4.422 1.77387e-006 1.75961e-006 0
4.453 1.82528e-006 1.77183e-006 0
4.5 1.90222e-006 1.78663e-006 0
4.531 1.95163e-006 1.79402e-006 0
4.562 2.00015e-006 1.79947e-006 0
4.609 2.07192e-006 1.80405e-006 0
4.64 2.11793e-006 1.80466e-006 0
4.687 2.18536e-006 1.80196e-006 0
4.719 2.22991e-006 1.7976e-006 0
4.75 2.27188e-006 1.79145e-006 0
4.797 2.33248e-006 1.77864e-006 0
4.828 2.37126e-006 1.76783e-006 0
4.875 2.42657e-006 1.74805e-006 0
4.906 2.46195e-006 1.73272e-006 0
4.953 2.51169e-006 1.70623e-006 0
4.984 2.54354e-006 1.68657e-006 0
5.015 2.57397e-006 1.66523e-006 0
5.062 2.61566e-006 1.62983e-006 0
5.094 2.64325e-006 1.60367e-006 0
5.14 2.67852e-006 1.5632e-006 0
5.172 2.70236e-006 1.53323e-006 0
5.219 2.73245e-006 1.4864e-006 0
5.25 2.75202e-006 1.45402e-006 0
5.281 2.77016e-006 1.4204e-006 0
5.328 2.79266e-006 1.36688e-006 0
5.359 2.80746e-006 1.33054e-006 0
5.406 2.82505e-006 1.27311e-006 0
5.437 2.83668e-006 1.23455e-006 0
5.484 2.84976e-006 1.17406e-006 0
5.515 2.85835e-006 1.13384e-006 0
5.547 2.86581e-006 1.09169e-006 0
5.594 2.87282e-006 1.02831e-006 0
5.625 2.87714e-006 9.86655e-007 0
5.672 2.8801e-006 9.22475e-007 0
5.703 2.88149e-006 8.80594e-007 0
5.734 2.88157e-006 8.3868e-007 0
5.781 2.87858e-006 7.74856e-007 0
5.812 2.87565e-006 7.33565e-007 0
5.859 2.86838e-006 6.71273e-007 0
5.89 2.86235e-006 6.31202e-007 0
5.922 2.85466e-006 5.90375e-007 0
5.969 2.8408e-006 5.31643e-007 0
6 2.83005e-006 4.94129e-007 0
6.047 2.81137e-006 4.3914e-007 0
6.078 2.79719e-006 4.04153e-007 0
6.125 2.7734e-006 3.53708e-007 0
6.156 2.75558e-006 3.21672e-007 0
6.187 2.73614e-006 2.90753e-007 0
6.234 2.70445e-006 2.4751e-007 0
6.265 2.68109e-006 2.19966e-007 0
6.312 2.64343e-006 1.82542e-007 0
6.344 2.61503e-006 1.57795e-007 0
6.39 2.57178e-006 1.26753e-007 0
6.422 2.53887e-006 1.05575e-007 0
6.453 2.50508e-006 8.62926e-008 0
6.5 2.45129e-006 6.25365e-008 0
6.531 2.41294e-006 4.64289e-008 0
6.578 2.35201e-006 2.74721e-008 0
6.609 2.30902e-006 1.41138e-008 0
6.64 2.26415e-006 1.79478e-009 0
6.687 2.1931e-006 -1.21125e-008 0
6.719 2.14201e-006 -2.2683e-008 0
6.765 2.06547e-006 -3.45791e-008 0
6.797 2.00976e-006 -4.36368e-008 0
6.828 1.95408e-006 -5.17619e-008 0
6.875 1.86659e-006 -6.22978e-008 0
6.906 1.80683e-006 -6.93105e-008 0
6.953 1.71335e-006 -7.91573e-008 0
6.984 1.64992e-006 -8.48193e-008 0
7.015 1.58515e-006 -8.96943e-008 0
7.062 1.48447e-006 -9.67386e-008 0
7.094 1.41438e-006 -1.00352e-007 0
7.14 1.3115e-006 -1.05378e-007 0
7.172 1.23864e-006 -1.07188e-007 0
7.219 1.12974e-006 -1.10456e-007 0
7.25 1.05687e-006 -1.09597e-007 0
7.297 9.4488e-007 -1.09465e-007 0
7.328 8.70079e-007 -1.04979e-007 0
7.359 7.94629e-007 -9.88148e-008 0
7.406 6.79284e-007 -9.07006e-008 0
7.437 6.02205e-007 -7.96786e-008 0
7.484 4.84769e-007 -6.37626e-008 0
7.515 4.06159e-007 -4.72117e-008 0
7.562 2.86697e-007 -2.22222e-008 0
7.594 2.03979e-007 9.61856e-010 0
7.625 1.23308e-007 2.58666e-008 0
7.672 9.70527e-010 6.48089e-008 0
7.703 -8.14834e-008 9.59468e-008 0
7.75 -2.06903e-007 1.44833e-007 0
7.781 -2.91807e-007 1.81971e-007 0
7.812 -3.77334e-007 2.21242e-007 0
7.859 -5.0755e-007 2.83191e-007 0
7.89 -5.95405e-007 3.28377e-007 0
7.937 -7.29413e-007 3.99577e-007 0
7.969 -8.22378e-007 4.51753e-007 0
8 -9.13123e-007 5.04007e-007 0
8.047 -1.05195e-006 5.85966e-007 0
8.078 -1.14486e-006 6.42495e-007 0
8.125 -1.28734e-006 7.30783e-007 0
8.156 -1.38243e-006 7.90755e-007 0
8.187 -1.47815e-006 8.51649e-007 0
8.234 -1.62555e-006 9.46179e-007 0
8.265 -1.72344e-006 1.00928e-006 0
8.312 -1.87477e-006 1.10678e-006 0
8.344 -1.97801e-006 1.17323e-006 0
8.39 -2.12968e-006 1.26989e-006 0
8.422 -2.23472e-006 1.3365e-006 0
8.453 -2.3368e-006 1.40064e-006 0
8.5 -2.49593e-006 1.49811e-006 0
8.531 -2.59902e-006 1.5609e-006 0
8.578 -2.75974e-006 1.65535e-006 0
8.609 -2.86312e-006 1.71572e-006 0
8.656 -3.02389e-006 1.80547e-006 0
8.687 -3.12686e-006 1.86247e-006 0
8.719 -3.23286e-006 1.91958e-006 0
8.765 -3.38769e-006 1.99857e-006 0
8.797 -3.49244e-006 2.05093e-006 0
8.844 -3.64833e-006 2.12386e-006 0
8.875 -3.74804e-006 2.16921e-006 0
8.906 -3.84699e-006 2.21222e-006 0
8.953 -3.998e-006 2.27261e-006 0
8.984 -4.0947e-006 2.30936e-006 0
9.031 -4.24154e-006 2.35977e-006 0
9.062 -4.33562e-006 2.3897e-006 0
9.094 -4.4316e-006 2.41758e-006 0
9.14 -4.56862e-006 2.452e-006 0
9.172 -4.66137e-006 2.47217e-006 0
9.219 -4.79614e-006 2.49566e-006 0
9.25 -4.88247e-006 2.50735e-006 0
9.297 -5.01141e-006 2.51881e-006 0
9.328 -5.09393e-006 2.52243e-006 0
9.375 -5.21656e-006 2.52158e-006 0
9.406 -5.29495e-006 2.51698e-006 0
9.453 -5.41082e-006 2.50367e-006 0
9.484 -5.48477e-006 2.4908e-006 0
9.515 -5.5569e-006 2.47465e-006 0
9.562 -5.66261e-006 2.44395e-006 0
9.609 -5.76364e-006 2.40588e-006 0
9.64 -5.82784e-006 2.37675e-006 0
9.687 -5.92082e-006 2.32671e-006 0
9.719 -5.98159e-006 2.28856e-006 0
9.75 -6.0383e-006 2.24854e-006 0
9.797 -6.11928e-006 2.18247e-006 0
9.828 -6.17036e-006 2.13523e-006 0
9.875 -6.24236e-006 2.05862e-006 0
9.906 -6.2876e-006 2.00468e-006 0
9.937 -6.33047e-006 1.94824e-006 0
9.984 -6.38937e-006 1.85834e-006 0
10.015 -6.42611e-006 1.7961e-006 0
10.062 -6.47521e-006 1.69794e-006 0
10.094 -6.50653e-006 1.62848e-006 0
10.125 -6.53432e-006 1.55936e-006 0
10.172 -6.56908e-006 1.45157e-006 0
10.203 -6.5903e-006 1.37865e-006 0
10.25 -6.61449e-006 1.26568e-006 0
10.281 -6.62896e-006 1.18995e-006 0
10.328 -6.64226e-006 1.07325e-006 0
10.359 -6.64982e-006 9.95762e-007 0
10.406 -6.65194e-006 8.76888e-007 0
10.437 -6.65244e-006 7.98793e-007 0
10.469 -6.64987e-006 7.18151e-007 0
10.515 -6.63672e-006 6.01549e-007 0
10.547 -6.62672e-006 5.22047e-007 0
10.594 -6.60142e-006 4.04819e-007 0
10.625 -6.58471e-006 3.30433e-007 0
10.656 -6.56507e-006 2.57243e-007 0
10.703 -6.52496e-006 1.46467e-007 0
10.734 -6.49868e-006 7.81566e-008 0
10.781 -6.44974e-006 -2.40408e-008 0
10.812 -6.41707e-006 -8.57362e-008 0
10.844 -6.3801e-006 -1.46831e-007 0
10.89 -6.32036e-006 -2.30442e-007 0
10.922 -6.27607e-006 -2.83069e-007 0
10.969 -6.20499e-006 -3.54051e-007 0
11 -6.15404e-006 -3.9621e-007 0
11.031 -6.09928e-006 -4.35273e-007 0
11.078 -6.01036e-006 -4.8615e-007 0
11.109 -5.94624e-006 -5.16445e-007 0
11.156 -5.84268e-006 -5.53141e-007 0
11.187 -5.76846e-006 -5.74878e-007 0
11.234 -5.64903e-006 -5.98092e-007 0
11.265 -5.56422e-006 -6.11632e-007 0
11.312 -5.42818e-006 -6.22181e-007 0
11.344 -5.32935e-006 -6.28119e-007 0
11.39 -5.17947e-006 -6.27512e-007 0
11.422 -5.06931e-006 -6.264e-007 0
11.469 -4.8992e-006 -6.15125e-007 0
11.5 -4.78168e-006 -6.08226e-007 0
11.531 -4.65992e-006 -5.99396e-007 0
11.578 -4.467e-006 -5.77129e-007 0
11.609 -4.33523e-006 -5.64036e-007 0
11.656 -4.12736e-006 -5.36408e-007 0
11.687 -3.98638e-006 -5.20372e-007 0
11.719 -3.83718e-006 -5.02758e-007 0
11.765 -3.6158e-006 -4.72539e-007 0
11.797 -3.45858e-006 -4.53703e-007 0
11.844 -3.22147e-006 -4.22583e-007 0
11.875 -3.06259e-006 -4.04398e-007 0
11.922 -2.81682e-006 -3.75353e-007 0
11.953 -2.65257e-006 -3.57908e-007 0
12 -2.39994e-006 -3.31684e-007 0
12.031 -2.2314e-006 -3.15197e-007 0
12.062 -2.06138e-006 -2.98949e-007 0
12.109 -1.80148e-006 -2.75632e-007 0
12.14 -1.62866e-006 -2.60479e-007 0
12.187 -1.36538e-006 -2.39087e-007 0
12.219 -1.18515e-006 -2.24597e-007 0
12.265 -9.25653e-007 -2.05444e-007 0
12.297 -7.44484e-007 -1.91647e-007 0
12.328 -5.68792e-007 -1.78283e-007 0
12.375 -3.03247e-007 -1.6024e-007 0
12.406 -1.27572e-007 -1.4688e-007 0
12.453 1.37745e-007 -1.2858e-007 0
12.484 3.13464e-007 -1.14089e-007 0
12.531 5.7771e-007 -9.3006e-008 0
12.562 7.5202e-007 -7.64188e-008 0
12.609 1.01353e-006 -5.172e-008 0
12.64 1.18567e-006 -3.27859e-008 0
12.687 1.44356e-006 -3.88728e-009 0
12.719 1.61835e-006 1.83522e-008 0
12.75 1.7863e-006 4.09335e-008 0
12.797 2.03758e-006 7.62611e-008 0
12.828 2.20199e-006 1.01707e-007 0
12.875 2.44783e-006 1.41923e-007 0
12.906 2.60821e-006 1.7031e-007 0
12.953 2.84796e-006 2.15395e-007 0
12.984 3.00388e-006 2.46708e-007 0
13.031 3.23692e-006 2.96495e-007 0
13.062 3.388e-006 3.30636e-007 0
13.109 3.61377e-006 3.84831e-007 0
13.14 3.75968e-006 4.21629e-007 0
13.172 3.90801e-006 4.606e-007 0
13.219 4.12259e-006 5.20223e-007 0
13.25 4.26069e-006 5.60285e-007 0
13.297 4.46689e-006 6.23225e-007 0
13.328 4.59921e-006 6.65272e-007 0
13.375 4.79667e-006 7.30957e-007 0
13.406 4.92305e-006 7.74621e-007 0
13.453 5.11147e-006 8.42426e-007 0
13.484 5.23175e-006 8.873e-007 0
13.531 5.41088e-006 9.56562e-007 0
13.562 5.52495e-006 1.00221e-006 0
13.594 5.64011e-006 1.04952e-006 0
13.64 5.80218e-006 1.11809e-006 0
13.672 5.91081e-006 1.16554e-006 0
13.719 6.06676e-006 1.23544e-006 0
13.75 6.16555e-006 1.28107e-006 0
13.797 6.31166e-006 1.35007e-006 0
13.828 6.40402e-006 1.39494e-006 0
13.875 6.54019e-006 1.46239e-006 0
13.906 6.62609e-006 1.50607e-006 0
13.937 6.70942e-006 1.54917e-006 0
13.984 6.83163e-006 1.61345e-006 0
14.015 6.90847e-006 1.65484e-006 0
14.062 7.0206e-006 1.71622e-006 0
14.094 7.09318e-006 1.75685e-006 0
14.14 7.19293e-006 1.81364e-006 0
14.172 7.25878e-006 1.85192e-006 0
14.203 7.31996e-006 1.88803e-006 0
14.25 7.40772e-006 1.94089e-006 0
14.281 7.46237e-006 1.97449e-006 0
14.328 7.53998e-006 2.02343e-006 0
14.359 7.58808e-006 2.05446e-006 0
14.406 7.65553e-006 2.09944e-006 0
14.437 7.69706e-006 2.1279e-006 0
14.484 7.75433e-006 2.16899e-006 0
14.515 7.78927e-006 2.19498e-006 0
14.562 7.83632e-006 2.23238e-006 0
14.594 7.86546e-006 2.25682e-006 0
14.625 7.891e-006 2.27963e-006 0
14.672 7.92354e-006 2.31239e-006 0
14.703 7.94234e-006 2.33329e-006 0
14.75 7.96449e-006 2.36331e-006 0
14.781 7.97643e-006 2.38264e-006 0
14.828 7.98807e-006 2.41051e-006 0
14.859 7.99304e-006 2.42867e-006 0
14.906 7.994e-006 2.45504e-006 0
14.937 7.99184e-006 2.47248e-006 0
14.969 7.9865e-006 2.49027e-006 0
15.015 7.97243e-006 2.51521e-006 0
15.047 7.95943e-006 2.53292e-006 0
15.094 7.93357e-006 2.55861e-006 0
15.125 7.9133e-006 2.57622e-006 0
15.172 7.8758e-006 2.60295e-006 0
15.203 7.84761e-006 2.62145e-006 0
15.234 7.81612e-006 2.64036e-006 0
15.281 7.76162e-006 2.66967e-006 0
15.312 7.7218e-006 2.69007e-006 0
15.359 7.65468e-006 2.72207e-006 0
15.39 7.60622e-006 2.7443e-006 0
15.437 7.52601e-006 2.77952e-006 0
15.469 7.46668e-006 2.80465e-006 0
15.515 7.37478e-006 2.84263e-006 0
15.547 7.30587e-006 2.87008e-006 0
15.594 7.19784e-006 2.91272e-006 0
15.625 7.12147e-006 2.94162e-006 0
15.656 7.04118e-006 2.97139e-006 0
15.703 6.91274e-006 3.01919e-006 0
15.734 6.82259e-006 3.05111e-006 0
15.781 6.67916e-006 3.10225e-006 0
15.812 6.57902e-006 3.13606e-006 0
15.859 6.42037e-006 3.18992e-006 0
15.89 6.31019e-006 3.22523e-006 0
15.937 6.13626e-006 3.28097e-006 0
15.969 6.01219e-006 3.31851e-006 0
16.015 5.827e-006 3.37389e-006 0
16.047 5.6929e-006 3.41203e-006 0
16.078 5.55922e-006 3.44922e-006 0
16.125 5.34972e-006 3.50607e-006 0
16.156 5.20693e-006 3.54328e-006 0
16.203 4.98381e-006 3.59936e-006 0
16.234 4.8325e-006 3.63634e-006 0
16.281 4.59674e-006 3.69128e-006 0
16.312 4.43761e-006 3.72792e-006 0
16.344 4.2704e-006 3.76588e-006 0
16.39 4.02434e-006 3.81852e-006 0
16.422 3.85018e-006 3.85657e-006 0
16.469 3.58883e-006 3.90956e-006 0
16.5 3.4141e-006 3.9472e-006 0
16.547 3.14416e-006 4.0008e-006 0
16.578 2.96405e-006 4.0399e-006 0
16.609 2.78199e-006 4.07967e-006 0
16.656 2.50173e-006 4.13628e-006 0
16.687 2.31481e-006 4.17835e-006 0
16.734 2.02774e-006 4.23862e-006 0
16.765 1.83611e-006 4.28342e-006 0
16.812 1.54239e-006 4.34817e-006 0
16.844 1.33967e-006 4.39736e-006 0
16.875 1.14149e-006 4.446e-006 0
16.922 8.38331e-007 4.51713e-006 0
16.953 6.35227e-007 4.56848e-006 0
17 3.24776e-007 4.64414e-006 0
17.031 1.16553e-007 4.6978e-006 0
17.062 -9.35239e-008 4.75183e-006 0
17.109 -4.1461e-007 4.83205e-006 0
17.14 -6.30082e-007 4.88743e-006 0
17.187 -9.59708e-007 4.97012e-006 0
17.219 -1.1879e-006 5.02776e-006 0
17.25 -1.41087e-006 5.08304e-006 0
17.297 -1.75295e-006 5.16618e-006 0
17.328 -1.98143e-006 5.22025e-006 0
17.375 -2.33296e-006 5.30174e-006 0
17.406 -2.56646e-006 5.35302e-006 0
17.437 -2.80136e-006 5.40228e-006 0
17.484 -3.16385e-006 5.47575e-006 0
17.515 -3.40223e-006 5.51957e-006 0
17.562 -3.77011e-006 5.58353e-006 0
17.594 -4.01832e-006 5.62123e-006 0
17.64 -4.38015e-006 5.6711e-006 0
17.672 -4.6287e-006 5.69953e-006 0
17.703 -4.86903e-006 5.7229e-006 0
17.75 -5.23754e-006 5.75211e-006 0
17.781 -5.47606e-006 5.76475e-006 0
17.828 -5.84027e-006 5.7764e-006 0
17.859 -6.07551e-006 5.77734e-006 0
17.906 -6.43307e-006 5.77018e-006 0
17.937 -6.66358e-006 5.75863e-006 0
17.969 -6.89925e-006 5.74129e-006 0
18.015 -7.23621e-006 5.70691e-006 0
18.047 -7.465e-006 5.6759e-006 0
18.094 -7.79787e-006 5.62015e-006 0
18.125 -8.01141e-006 5.57646e-006 0
18.156 -8.22147e-006 5.52733e-006 0
18.203 -8.5349e-006 5.44247e-006 0
18.234 -8.73526e-006 5.37964e-006 0
18.281 -9.03265e-006 5.27402e-006 0
18.312 -9.2222e-006 5.1976e-006 0
18.344 -9.41312e-006 5.1131e-006 0
18.39 -9.67953e-006 4.98174e-006 0
18.422 -9.85785e-006 4.88363e-006 0
18.469 -1.01105e-005 4.72962e-006 0
18.5 -1.027e-005 4.62177e-006 0
18.547 -1.05019e-005 4.44895e-006 0
18.578 -1.06477e-005 4.32901e-006 0
18.625 -1.08578e-005 4.13842e-006 0
18.656 -1.09892e-005 4.00715e-006 0
18.687 -1.11147e-005 3.87161e-006 0
18.734 -1.12931e-005 3.65838e-006 0
18.765 -1.14036e-005 3.51282e-006 0
18.812 -1.15587e-005 3.28522e-006 0
18.844 -1.16568e-005 3.12571e-006 0
18.875 -1.17456e-005 2.96793e-006 0
18.922 -1.18673e-005 2.7231e-006 0
18.953 -1.19407e-005 2.55821e-006 0
19 -1.20386e-005 2.30364e-006 0
19.031 -1.20965e-005 2.1331e-006 0
19.062 -1.21483e-005 1.96073e-006 0
19.109 -1.22134e-005 1.69639e-006 0
19.14 -1.22501e-005 1.52065e-006 0
19.187 -1.22923e-005 1.25242e-006 0
19.219 -1.23147e-005 1.06936e-006 0
19.25 -1.23304e-005 8.91905e-007 0
19.297 -1.23414e-005 6.22967e-007 0
19.328 -1.23428e-005 4.46669e-007 0
19.375 -1.23324e-005 1.80948e-007 0
19.406 -1.23198e-005 7.87001e-009 0
19.437 -1.23016e-005 -1.63395e-007 0
19.484 -1.2262e-005 -4.19332e-007 0
19.515 -1.22301e-005 -5.84398e-007 0
19.562 -1.21703e-005 -8.29347e-007 0
19.594 -1.21234e-005 -9.91056e-007 0
19.64 -1.20451e-005 -1.21667e-006 0
19.672 -1.19845e-005 -1.36753e-006 0
19.719 -1.18844e-005 -1.58048e-006 0
19.75 -1.18124e-005 -1.7139e-006 0
19.781 -1.1735e-005 -1.84182e-006 0
19.828 -1.16069e-005 -2.02518e-006 0
19.859 -1.15163e-005 -2.1377e-006 0
19.906 -1.13682e-005 -2.29632e-006 0
19.937 -1.12642e-005 -2.39166e-006 0
19.969 -1.11511e-005 -2.48259e-006 0
20.015 -1.09779e-005 -2.59976e-006 0
20.047 -1.08506e-005 -2.67082e-006 0
20.094 -1.06526e-005 -2.76008e-006 0
20.125 -1.0515e-005 -2.80835e-006 0
20.156 -1.03716e-005 -2.84844e-006 0
20.203 -1.01433e-005 -2.89301e-006 0
20.234 -9.9853e-006 -2.91173e-006 0
20.281 -9.73472e-006 -2.92317e-006 0
20.312 -9.56169e-006 -2.92037e-006 0
20.344 -9.37663e-006 -2.90874e-006 0
20.39 -9.0997e-006 -2.87504e-006 0
20.422 -8.89876e-006 -2.84185e-006 0
20.469 -8.59238e-006 -2.77536e-006 0
20.5 -8.38219e-006 -2.72327e-006 0
20.531 -8.16582e-006 -2.66381e-006 0
20.578 -7.82683e-006 -2.55671e-006 0
20.609 -7.59538e-006 -2.47966e-006 0
20.656 -7.23378e-006 -2.34704e-006 0
20.687 -6.98784e-006 -2.25455e-006 0
20.734 -6.60475e-006 -2.10029e-006 0
20.765 -6.34524e-006 -1.9948e-006 0
20.812 -5.94232e-006 -1.82333e-006 0
20.844 -5.66163e-006 -1.7037e-006 0
20.875 -5.38514e-006 -1.58422e-006 0
20.922 -4.95797e-006 -1.39625e-006 0
20.953 -4.67133e-006 -1.27033e-006 0
21 -4.23007e-006 -1.07659e-006 0
21.031 -3.93506e-006 -9.46385e-007 0
21.062 -3.63726e-006 -8.14656e-007 0
21.109 -3.18097e-006 -6.15531e-007 0
21.14 -2.87754e-006 -4.79572e-007 0
21.187 -2.41421e-006 -2.72565e-007 0
21.219 -2.09711e-006 -1.28884e-007 0
21.25 -1.78893e-006 1.11975e-008 0
21.297 -1.32042e-006 2.25065e-007 0
21.328 -1.0108e-006 3.65515e-007 0
21.375 -5.40848e-007 5.7812e-007 0
21.406 -2.30619e-007 7.18989e-007 0
21.453 2.4017e-007 9.29347e-007 0
21.484 5.5013e-007 1.06921e-006 0
21.531 1.01836e-006 1.27571e-006 0
21.562 1.32522e-006 1.41389e-006 0
21.594 1.63996e-006 1.55564e-006 0
21.64 2.08809e-006 1.75396e-006 0
21.672 2.39656e-006 1.89419e-006 0
21.719 2.84363e-006 2.09434e-006 0
21.75 3.13479e-006 2.22904e-006 0
21.797 3.56896e-006 2.42787e-006 0
21.828 3.85114e-006 2.56139e-006 0
21.875 4.27066e-006 2.75917e-006 0
21.906 4.54273e-006 2.89141e-006 0
21.937 4.81037e-006 3.02283e-006 0
21.984 5.20687e-006 3.21847e-006 0
22.015 5.46313e-006 3.34825e-006 0
22.062 5.842e-006 3.54203e-006 0
22.094 6.09398e-006 3.67389e-006 0
22.125 6.33293e-006 3.80049e-006 0
22.172 6.68539e-006 3.98993e-006 0
22.203 6.91161e-006 4.11385e-006 0
22.25 7.24487e-006 4.29928e-006 0
22.281 7.45813e-006 4.41993e-006 0
22.312 7.66611e-006 4.53897e-006 0
22.359 7.97202e-006 4.71675e-006 0
22.39 8.16706e-006 4.83164e-006 0
22.437 8.45373e-006 5.00275e-006 0
22.469 8.64194e-006 5.11632e-006 0
22.515 8.90399e-006 5.27595e-006 0
22.547 9.07961e-006 5.38366e-006 0
22.578 9.24486e-006 5.48537e-006 0
22.625 9.48778e-006 5.63501e-006 0
22.656 9.64189e-006 5.72978e-006 0
22.703 9.86886e-006 5.86815e-006 0
22.734 1.00128e-005 5.95493e-006 0
22.781 1.02254e-005 6.08032e-006 0
22.812 1.03601e-005 6.15788e-006 0
22.859 1.05602e-005 6.26831e-006 0
22.89 1.06866e-005 6.33528e-006 0
22.922 1.08138e-005 6.3995e-006 0
22.969 1.0998e-005 6.48479e-006 0
23 1.11138e-005 6.53418e-006 0
23.047 1.12877e-005 6.59882e-006 0
23.078 1.13967e-005 6.63395e-006 0
23.109 1.15031e-005 6.66297e-006 0
23.156 1.1663e-005 6.6949e-006 0
23.187 1.17632e-005 6.70768e-006 0
23.234 1.19137e-005 6.71386e-006 0
23.265 1.20082e-005 6.70916e-006 0
23.297 1.21034e-005 6.69667e-006 0
23.344 1.22415e-005 6.66372e-006 0
23.375 1.23285e-005 6.63261e-006 0
23.422 1.24583e-005 6.57039e-006 0
23.453 1.25403e-005 6.51964e-006 0
23.484 1.26203e-005 6.46093e-006 0
23.531 1.27392e-005 6.35643e-006 0
23.562 1.28143e-005 6.27754e-006 0
23.609 1.29254e-005 6.14239e-006 0
23.64 1.29956e-005 6.04326e-006 0
23.687 1.30988e-005 5.87766e-006 0
23.719 1.3166e-005 5.75459e-006 0
23.765 1.32588e-005 5.56315e-006 0
23.797 1.33205e-005 5.42009e-006 0
23.828 1.3378e-005 5.27391e-006 0
23.875 1.34606e-005 5.03846e-006 0
23.906 1.35123e-005 4.87427e-006 0
23.953 1.35853e-005 4.61254e-006 0
23.984 1.36305e-005 4.43166e-006 0
24.015 1.36732e-005 4.24458e-006 0
24.062 1.37315e-005 3.94993e-006 0
24.094 1.3768e-005 3.74193e-006 0
24.14 1.38137e-005 3.4336e-006 0
24.172 1.38423e-005 3.21287e-006 0
24.219 1.3876e-005 2.8807e-006 0
24.25 1.38951e-005 2.6567e-006 0
24.281 1.39107e-005 2.42933e-006 0
24.328 1.39248e-005 2.07922e-006 0
24.359 1.39309e-005 1.84521e-006 0
24.406 1.39294e-005 1.48688e-006 0
24.437 1.39251e-005 1.24887e-006 0
24.469 1.3916e-005 1.00226e-006 0
24.515 1.38913e-005 6.46884e-007 0
24.547 1.38702e-005 4.00167e-007 0
24.594 1.38256e-005 3.86921e-008 0
24.625 1.37925e-005 -1.97505e-007 0
24.656 1.37542e-005 -4.31902e-007 0
24.703 1.36804e-005 -7.84201e-007 0
24.734 1.36279e-005 -1.01182e-006 0
24.781 1.35311e-005 -1.35259e-006 0
24.812 1.34633e-005 -1.57066e-006 0
24.859 1.33415e-005 -1.89608e-006 0
24.89 1.32572e-005 -2.10188e-006 0
24.937 1.31089e-005 -2.40828e-006 0
24.969 1.30035e-005 -2.60524e-006 0
25 1.28944e-005 -2.78946e-006 0
25.047 1.27077e-005 -3.06238e-006 0
25.078 1.2581e-005 -3.2268e-006 0
25.125 1.23698e-005 -3.46692e-006 0
25.156 1.22262e-005 -3.60719e-006 0
25.203 1.19927e-005 -3.80494e-006 0
25.234 1.18316e-005 -3.91856e-006 0
25.265 1.16623e-005 -4.02296e-006 0
25.312 1.13913e-005 -4.15896e-006 0
25.344 1.11953e-005 -4.24083e-006 0
25.39 1.08982e-005 -4.33609e-006 0
25.422 1.06794e-005 -4.39474e-006 0
25.453 1.04582e-005 -4.44351e-006 0
25.5 1.01057e-005 -4.49452e-006 0
25.531 9.86219e-006 -4.52299e-006 0
25.578 9.47531e-006 -4.54464e-006 0
25.609 9.20993e-006 -4.55445e-006 0
25.64 8.93602e-006 -4.55767e-006 0
25.687 8.5032e-006 -4.54326e-006 0
25.719 8.19945e-006 -4.52982e-006 0
25.765 7.74664e-006 -4.49427e-006 0
25.797 7.424e-006 -4.46666e-006 0
25.844 6.93438e-006 -4.41061e-006 0
25.875 6.60592e-006 -4.37245e-006 0
25.922 6.09395e-006 -4.30116e-006 0
25.953 5.75245e-006 -4.25388e-006 0
25.984 5.40652e-006 -4.20358e-006 0
26.031 4.87127e-006 -4.11717e-006 0
26.062 4.51668e-006 -4.0608e-006 0
26.109 3.97119e-006 -3.96777e-006 0
26.14 3.61117e-006 -3.90735e-006 0
26.172 3.23796e-006 -3.84354e-006 0
26.219 2.68665e-006 -3.74611e-006 0
26.25 2.32401e-006 -3.68262e-006 0
26.297 1.77439e-006 -3.58516e-006 0
26.328 1.41312e-006 -3.52097e-006 0
26.359 1.05286e-006 -3.4565e-006 0
26.406 5.10448e-007 -3.35975e-006 0
26.437 1.53769e-007 -3.29437e-006 0
26.484 -3.82211e-007 -3.19578e-006 0
26.515 -7.33755e-007 -3.12898e-006 0
26.547 -1.09384e-006 -3.05944e-006 0
26.594 -1.61657e-006 -2.95637e-006 0
26.625 -1.95673e-006 -2.88784e-006 0
26.672 -2.4646e-006 -2.78292e-006 0
26.703 -2.79377e-006 -2.7132e-006 0
26.734 -3.11804e-006 -2.64288e-006 0
26.781 -3.5993e-006 -2.53561e-006 0
26.812 -3.90987e-006 -2.46383e-006 0
26.859 -4.36887e-006 -2.35445e-006 0
26.89 -4.66412e-006 -2.28099e-006 0
26.937 -5.09872e-006 -2.16898e-006 0
26.969 -5.38614e-006 -2.09116e-006 0
27 -5.65748e-006 -2.01493e-006 0
27.047 -6.0546e-006 -1.89835e-006 0
27.078 -6.30767e-006 -1.81982e-006 0
27.125 -6.67652e-006 -1.69939e-006 0
27.156 -6.91048e-006 -1.61826e-006 0
27.203 -7.24998e-006 -1.49347e-006 0
27.234 -7.4642e-006 -1.40943e-006 0
27.265 -7.67043e-006 -1.32417e-006 0
27.312 -7.96769e-006 -1.19257e-006 0
27.344 -8.15957e-006 -1.10111e-006 0
27.39 -8.42035e-006 -9.66987e-007 0
27.422 -8.59126e-006 -8.71814e-007 0
27.453 -8.74864e-006 -7.78116e-007 0
27.5 -8.97221e-006 -6.3294e-007 0
27.531 -9.10952e-006 -5.35323e-007 0
27.578 -9.30307e-006 -3.8399e-007 0
27.609 -9.42075e-006 -2.82276e-007 0
27.64 -9.53077e-006 -1.78905e-007 0
27.687 -9.68365e-006 -1.86568e-008 0
27.719 -9.77776e-006 9.2493e-008 0
27.765 -9.89995e-006 2.55742e-007 0
27.797 -9.97556e-006 3.71374e-007 0
27.844 -1.00738e-005 5.44841e-007 0
27.875 -1.013e-005 6.61261e-007 0
27.922 -1.02032e-005 8.41335e-007 0
27.953 -1.02435e-005 9.62141e-007 0
28 -1.02935e-005 1.1488e-006 0
28.031 -1.0319e-005 1.27398e-006 0
28.062 -1.0339e-005 1.40089e-006 0
28.109 -1.03593e-005 1.59669e-006 0
28.14 -1.03662e-005 1.72795e-006 0
28.187 -1.03675e-005 1.93023e-006 0
28.219 -1.03623e-005 2.07022e-006 0
28.25 -1.03529e-005 2.2076e-006 0
28.297 -1.03304e-005 2.41902e-006 0
28.328 -1.03108e-005 2.56075e-006 0
28.375 -1.02736e-005 2.77868e-006 0
28.406 -1.02448e-005 2.92481e-006 0
28.437 -1.02128e-005 3.07273e-006 0
28.484 -1.01577e-005 3.29996e-006 0
28.515 -1.0118e-005 3.45243e-006 0
28.562 -1.00518e-005 3.68652e-006 0
28.594 -1.00037e-005 3.84882e-006 0
28.625 -9.95464e-006 4.00804e-006 0
28.672 -9.87459e-006 4.25229e-006 0
28.703 -9.81961e-006 4.41657e-006 0
28.75 -9.73077e-006 4.66845e-006 0
28.781 -9.6703e-006 4.83809e-006 0
28.812 -9.60773e-006 5.00994e-006 0
28.859 -9.50734e-006 5.27322e-006 0
28.89 -9.43948e-006 5.45091e-006 0
28.937 -9.33085e-006 5.72295e-006 0
28.969 -9.2551e-006 5.91276e-006 0
29.015 -9.14045e-006 6.18838e-006 0
29.047 -9.05863e-006 6.38495e-006 0
29.078 -8.97686e-006 6.57809e-006 0
29.125 -8.84602e-006 6.8732e-006 0
29.156 -8.75728e-006 7.07335e-006 0
29.203 -8.61521e-006 7.37885e-006 0
29.234 -8.51839e-006 7.58619e-006 0
29.281 -8.3633e-006 7.90239e-006 0
29.312 -8.25701e-006 8.11698e-006 0
29.344 -8.14286e-006 8.34116e-006 0
29.39 -7.96954e-006 8.66533e-006 0
29.422 -7.84315e-006 8.89654e-006 0
29.469 -7.64684e-006 9.23756e-006 0
29.5 -7.5105e-006 9.46789e-006 0
29.531 -7.36814e-006 9.70003e-006 0
29.578 -7.14009e-006 1.00528e-005 0
29.609 -6.98101e-006 1.02895e-005 0
29.656 -6.72632e-006 1.06487e-005 0
29.687 -6.54849e-006 1.08881e-005 0
29.719 -6.35668e-006 1.11353e-005 0
29.765 -6.06576e-006 1.14899e-005 0
29.797 -5.85206e-006 1.17362e-005 0
29.844 -5.52101e-006 1.20963e-005 0
29.875 -5.29128e-006 1.23311e-005 0
29.922 -4.92467e-006 1.26841e-005 0
29.953 -4.67159e-006 1.29118e-005 0
29.984 -4.40933e-006 1.3135e-005 0
30.031 -3.99193e-006 1.34679e-005 0
30.062 -3.70632e-006 1.36787e-005 0
30.109 -3.25293e-006 1.39903e-005 0
30.14 -2.94486e-006 1.41847e-005 0
30.187 -2.45744e-006 1.44689e-005 0
30.219 -2.11771e-006 1.46485e-005 0
30.25 -1.78104e-006 1.48128e-005 0
30.297 -1.25159e-006 1.50477e-005 0
30.328 -8.97567e-007 1.51868e-005 0
30.375 -3.43865e-007 1.53804e-005 0
30.406 2.43568e-008 1.5491e-005 0
30.437 3.97328e-007 1.55896e-005 0
30.484 9.75552e-007 1.57183e-005 0
30.515 1.35788e-006 1.57851e-005 0
30.562 1.94649e-006 1.58634e-005 0
30.594 2.34714e-006 1.58976e-005 0
30.625 2.73657e-006 1.59168e-005 0
30.672 3.33004e-006 1.59207e-005 0
30.703 3.72007e-006 1.59051e-005 0
30.75 4.31013e-006 1.58548e-005 0
30.781 4.6972e-006 1.58037e-005 0
30.812 5.08221e-006 1.57387e-005 0
30.859 5.65864e-006 1.56121e-005 0
30.89 6.03573e-006 1.55116e-005 0
30.937 6.59576e-006 1.53305e-005 0
30.969 6.97292e-006 1.51902e-005 0
31.015 7.49977e-006 1.49597e-005 0
31.047 7.86114e-006 1.47835e-005 0
31.094 8.3699e-006 1.44923e-005 0
31.125 8.70027e-006 1.42868e-005 0
31.156 9.02268e-006 1.4068e-005 0
31.203 9.47919e-006 1.36967e-005 0
31.234 9.7757e-006 1.34435e-005 0
31.281 1.01889e-005 1.30144e-005 0
31.312 1.04663e-005 1.27413e-005 0
31.359 1.08689e-005 1.23057e-005 0
31.39 1.11414e-005 1.20423e-005 0
31.422 1.14164e-005 1.17688e-005 0
31.469 1.18142e-005 1.13854e-005 0
31.5 1.20619e-005 1.1114e-005 0
31.547 1.24247e-005 1.07207e-005 0
31.578 1.265e-005 1.04501e-005 0
31.625 1.2974e-005 1.00595e-005 0
31.656 1.31734e-005 9.80061e-006 0
31.687 1.33612e-005 9.54949e-006 0
31.734 1.36224e-005 9.19341e-006 0
31.765 1.37781e-005 8.96759e-006 0
31.812 1.39867e-005 8.65404e-006 0
31.844 1.4109e-005 8.45567e-006 0
31.89 1.42541e-005 8.202e-006 0
31.922 1.43331e-005 8.04474e-006 0
31.969 1.44136e-005 7.84983e-006 0
32 1.44432e-005 7.74239e-006 0
32.031 1.4453e-005 7.65367e-006 0
32.078 1.44282e-005 7.55742e-006 0
32.109 1.43857e-005 7.51719e-006 0
32.156 1.4279e-005 7.4948e-006 0
32.187 1.41809e-005 7.50358e-006 0
32.219 1.40558e-005 7.5328e-006 0
32.265 1.38327e-005 7.61085e-006 0
32.297 1.36476e-005 7.68827e-006 0
32.344 1.33303e-005 7.83668e-006 0
32.375 1.30921e-005 7.95492e-006 0
32.406 1.28308e-005 8.08881e-006 0
32.453 1.23907e-005 8.32042e-006 0
32.484 1.20725e-005 8.48949e-006 0
32.531 1.15482e-005 8.76917e-006 0
32.562 1.11761e-005 8.96623e-006 0
32.594 1.07708e-005 9.17895e-006 0
32.64 1.01515e-005 9.49894e-006 0
32.672 9.69714e-006 9.72836e-006 0
32.719 8.99648e-006 1.0073e-005 0
32.75 8.51484e-006 1.03021e-005 0
32.781 8.01881e-006 1.05311e-005 0
32.828 7.2416e-006 1.08755e-005 0
32.859 6.71492e-006 1.10976e-005 0
32.906 5.8977e-006 1.14236e-005 0
32.937 5.34902e-006 1.16286e-005 0
32.984 4.5055e-006 1.19211e-005 0
33.015 3.94417e-006 1.2099e-005 0
33.062 3.08887e-006 1.2343e-005 0
33.094 2.50643e-006 1.24885e-005 0
33.125 1.94386e-006 1.26121e-005 0
33.172 1.09732e-006 1.27638e-005 0
33.203 5.45726e-007 1.28382e-005 0
33.25 -2.76809e-007 1.29091e-005 0
33.281 -8.07889e-007 1.29263e-005 0
33.328 -1.59235e-006 1.29052e-005 0
33.359 -2.09394e-006 1.28584e-005 0
33.39 -2.58149e-006 1.27845e-005 0
33.437 -3.29124e-006 1.2619e-005 0
33.469 -3.75231e-006 1.24681e-005 0
33.5 -4.18058e-006 1.22918e-005 0
33.547 -4.79325e-006 1.19664e-005 0
33.578 -5.17182e-006 1.17129e-005 0
33.625 -5.70512e-006 1.12687e-005 0
33.656 -6.02899e-006 1.09358e-005 0
33.703 -6.47632e-006 1.03703e-005 0
33.734 -6.74178e-006 9.95718e-006 0
33.765 -6.98324e-006 9.51213e-006 0
33.812 -7.30296e-006 8.77703e-006 0
33.844 -7.48827e-006 8.23525e-006 0
33.89 -7.70843e-006 7.3988e-006 0
33.922 -7.82931e-006 6.77746e-006 0
33.969 -7.95898e-006 5.80768e-006 0
34 -8.0134e-006 5.13164e-006 0
34.047 -8.04922e-006 4.05346e-006 0
34.078 -8.04226e-006 3.3083e-006 0
34.109 -8.01126e-006 2.53715e-006 0
34.156 -7.91892e-006 1.32052e-006 0
34.187 -7.82841e-006 4.88263e-007 0
34.234 -7.64675e-006 -8.15917e-007 0
34.265 -7.49801e-006 -1.70209e-006 0
34.297 -7.32057e-006 -2.6368e-006 0
34.344 -7.01614e-006 -4.04332e-006 0
34.375 -6.78756e-006 -4.99002e-006 0
34.422 -6.39895e-006 -6.45072e-006 0
34.453 -6.11629e-006 -7.42727e-006 0
34.484 -5.81309e-006 -8.4123e-006 0
34.531 -5.31401e-006 -9.91961e-006 0
34.562 -4.96151e-006 -1.09182e-005 0
34.609 -4.38994e-006 -1.24379e-005 0
34.64 -3.99253e-006 -1.34382e-005 0
34.672 -3.56505e-006 -1.44679e-005 0
34.719 -2.90434e-006 -1.59736e-005 0
34.75 -2.45374e-006 -1.69548e-005 0
34.797 -1.74469e-006 -1.84247e-005 0
34.828 -1.2644e-006 -1.93775e-005 0
34.875 -5.1806e-007 -2.07939e-005 0
34.906 -1.17225e-008 -2.171e-005 0
34.937 5.03448e-007 -2.26092e-005 0
34.984 1.29679e-006 -2.39356e-005 0
35.015 1.83064e-006 -2.4787e-005 0
35.062 2.64939e-006 -2.60366e-005 0
35.094 3.21263e-006 -2.68579e-005 0
35.14 4.02808e-006 -2.79939e-005 0
35.172 4.59605e-006 -2.87506e-005 0
35.203 5.14604e-006 -2.94566e-005 0
35.25 5.98086e-006 -3.04767e-005 0
35.281 6.52593e-006 -3.11117e-005 0
35.328 7.34935e-006 -3.20212e-005 0
35.359 7.8832e-006 -3.25798e-005 0
35.406 8.68556e-006 -3.3371e-005 0
35.437 9.20246e-006 -3.38487e-005 0
35.469 9.72758e-006 -3.43072e-005 0
35.515 1.04695e-005 -3.49078e-005 0
35.547 1.09701e-005 -3.52774e-005 0
35.594 1.16885e-005 -3.5758e-005 0
35.625 1.21455e-005 -3.60263e-005 0
35.656 1.25905e-005 -3.62591e-005 0
35.703 1.32444e-005 -3.65488e-005 0
35.734 1.36575e-005 -3.66903e-005 0
35.781 1.42603e-005 -3.68412e-005 0
35.812 1.46393e-005 -3.68913e-005 0
35.844 1.50157e-005 -3.69057e-005 0
35.89 1.55305e-005 -3.68645e-005 0
35.922 1.58691e-005 -3.67865e-005 0
35.969 1.63373e-005 -3.66108e-005 0
36 1.66268e-005 -3.64475e-005 0
36.047 1.70348e-005 -3.61435e-005 0
36.078 1.72844e-005 -3.58966e-005 0
36.125 1.76291e-005 -3.54699e-005 0
36.156 1.78374e-005 -3.51419e-005 0
36.187 1.80283e-005 -3.47827e-005 0
