0 1 0 0
0.031 1 -0.0004805 0
0.062 0.999998 -0.001922 0
0.109 0.999982 -0.00594042 0
0.14 0.999952 -0.00979962 0
0.187 0.999847 -0.0174824 0
0.234 0.999625 -0.0273698 0
0.281 0.999221 -0.0394559 0
0.328 0.998555 -0.0537299 0
0.359 0.997928 -0.0643339 0
0.406 0.996616 -0.0821954 0
0.437 0.995464 -0.0951391 0
0.484 0.993192 -0.116493 0
0.515 0.99129 -0.131694 0
0.547 0.988944 -0.148291 0
0.594 0.984696 -0.17428 0
0.64 0.979492 -0.201485 0
0.672 0.975187 -0.221382 0
0.703 0.970433 -0.24137 0
0.75 0.962039 -0.272912 0
0.781 0.955664 -0.294461 0
0.828 0.944636 -0.32812 0
0.859 0.936417 -0.350888 0
0.89 0.927415 -0.374034 0
0.937 0.912218 -0.409705 0
0.969 0.900774 -0.434287 0
1.015 0.882736 -0.469869 0
1.047 0.869072 -0.494686 0
1.094 0.847342 -0.531047 0
1.125 0.831938 -0.554869 0
1.172 0.806993 -0.590561 0
1.203 0.789521 -0.613724 0
1.234 0.771272 -0.636506 0
1.281 0.742199 -0.670179 0
1.312 0.722159 -0.691727 0
1.359 0.690593 -0.723244 0
1.39 0.669076 -0.743194 0
1.437 0.635563 -0.772049 0
1.469 0.612244 -0.790669 0
1.5 0.589359 -0.807871 0
1.547 0.554301 -0.832317 0
1.578 0.531068 -0.847329 0
1.625 0.49592 -0.868368 0
1.656 0.472927 -0.881102 0
1.703 0.438608 -0.898679 0
1.734 0.416472 -0.909149 0
1.765 0.394845 -0.918748 0
1.812 0.36323 -0.9317 0
1.844 0.342645 -0.939465 0
1.875 0.323519 -0.946222 0
1.922 0.296183 -0.955131 0
1.953 0.279309 -0.960201 0
2 0.255513 -0.966806 0
2.031 0.240968 -0.970533 0
2.078 0.220511 -0.975385 0
2.109 0.207915 -0.978147 0
2.156 0.189795 -0.981824 0
2.187 0.178203 -0.983994 0
2.219 0.166261 -0.986082 0
2.265 0.148621 -0.988894 0
2.297 0.135661 -0.990755 0
2.344 0.115048 -0.99336 0
2.375 0.100161 -0.994971 0
2.406 0.0840854 -0.996458 0
2.453 0.0572296 -0.998361 0
2.484 0.0377917 -0.999285 0
2.531 0.005649 -0.999983 0
2.562 -0.0173013 -0.99985 0
2.609 -0.0546613 -0.998504 0
2.64 -0.0809117 -0.99672 0
2.672 -0.10926 -0.994012 0
2.719 -0.153003 -0.988224 0
2.75 -0.18308 -0.983097 0
2.797 -0.23026 -0.973128 0
2.828 -0.262249 -0.964998 0
2.859 -0.294789 -0.955561 0
2.906 -0.344889 -0.938642 0
2.937 -0.378249 -0.925702 0
2.984 -0.428972 -0.903316 0
3.015 -0.462329 -0.886706 0
3.047 -0.496518 -0.868024 0
3.094 -0.54599 -0.837789 0
3.125 -0.577948 -0.81607 0
3.172 -0.625066 -0.780568 0
3.203 -0.65509 -0.755547 0
3.25 -0.698726 -0.715386 0
3.281 -0.726112 -0.687573 0
3.312 -0.75228 -0.65884 0
3.359 -0.789451 -0.61381 0
3.39 -0.81222 -0.583347 0
3.437 -0.843967 -0.536389 0
3.469 -0.863628 -0.504124 0
3.515 -0.889098 -0.45771 0
3.547 -0.904896 -0.425626 0
3.578 -0.918734 -0.394869 0
3.625 -0.937072 -0.349127 0
3.656 -0.947513 -0.319707 0
3.703 -0.961016 -0.276482 0
3.734 -0.968502 -0.248995 0
3.765 -0.974953 -0.222397 0
3.812 -0.982947 -0.183875 0
3.844 -0.987284 -0.158949 0
3.89 -0.99215 -0.125034 0
3.922 -0.994699 -0.1028 0
3.969 -0.997388 -0.0721926 0
4 -0.998573 -0.0533441 0
4.031 -0.999365 -0.03556 0
4.078 -0.999941 -0.0106187 0
4.109 -0.999987 0.00450794 0
4.156 -0.999673 0.0254555 0
4.187 -0.999276 0.0379759 0
4.234 -0.998482 0.0550195 0
4.265 -0.997883 0.0649973 0
4.312 -0.996932 0.0782349 0
4.344 -0.996296 0.0859592 0
4.375 -0.995714 0.0924573 0
4.422 -0.994936 0.100478 0
4.453 -0.994515 0.104571 0
4.5 -0.994042 0.108973 0
4.531 -0.993852 0.110693 0
4.562 -0.993764 0.111476 0
4.609 -0.993831 0.110877 0
4.64 -0.994005 0.109303 0
4.687 -0.994456 0.105126 0
4.719 -0.994879 0.101042 0
4.75 -0.995366 0.0961213 0
4.797 -0.996219 0.0868399 0
4.828 -0.996831 0.0795077 0
4.875 -0.99778 0.0665383 0
4.906 -0.998385 0.0567519 0
4.953 -0.999195 0.0400298 0
4.984 -0.999611 0.0277493 0
5.015 -0.999892 0.0144701 0
5.062 -0.999968 -0.0075704 0
5.094 -0.999711 -0.0238888 0
5.14 -0.998785 -0.0491917 0
5.172 -0.997677 -0.0680583 0
5.219 -0.995222 -0.0975996 0
5.25 -0.992981 -0.118237 0
5.281 -0.990183 -0.139749 0
5.328 -0.984752 -0.173938 0
5.359 -0.980308 -0.197451 0
5.406 -0.972134 -0.234406 0
5.437 -0.965727 -0.259545 0
5.484 -0.954364 -0.29863 0
5.515 -0.945731 -0.324937 0
5.547 -0.935832 -0.352433 0
5.594 -0.919423 -0.393259 0
5.625 -0.907356 -0.420352 0
5.672 -0.887149 -0.461473 0
5.703 -0.872555 -0.488507 0
5.734 -0.856956 -0.51538 0
5.781 -0.831411 -0.555651 0
5.812 -0.813332 -0.581793 0
5.859 -0.784111 -0.620613 0
5.89 -0.763685 -0.645582 0
5.922 -0.741681 -0.670747 0
5.969 -0.707763 -0.706444 0
6 -0.684423 -0.72908 0
6.047 -0.647712 -0.76188 0
6.078 -0.62272 -0.78244 0
6.125 -0.583837 -0.811867 0
6.156 -0.557655 -0.830069 0
6.187 -0.531153 -0.847272 0
6.234 -0.490577 -0.871394 0
6.265 -0.463707 -0.885985 0
6.312 -0.423088 -0.906085 0
6.344 -0.395698 -0.918378 0
6.39 -0.357004 -0.9341 0
6.422 -0.33075 -0.943716 0
6.453 -0.305988 -0.952033 0
6.5 -0.269991 -0.962861 0
6.531 -0.247453 -0.968898 0
6.578 -0.215423 -0.976519 0
6.609 -0.19588 -0.980626 0
6.64 -0.177723 -0.984079 0
6.687 -0.153053 -0.988217 0
6.719 -0.13835 -0.990382 0
6.765 -0.120323 -0.992734 0
6.797 -0.109969 -0.993934 0
6.828 -0.101613 -0.994823 0
6.875 -0.0918612 -0.995771 0
6.906 -0.0870914 -0.996199 0
6.953 -0.0816781 -0.996658 0
6.984 -0.078773 -0.996892 0
7.015 -0.0759085 -0.997114 0
7.062 -0.0706851 -0.997498 0
7.094 -0.0659129 -0.997825 0
7.14 -0.056538 -0.9984 0
7.172 -0.0479282 -0.99885 0
7.219 -0.031834 -0.999492 0
7.25 -0.0188854 -0.99982 0
7.297 0.0042942 -0.999989 0
7.328 0.0218699 -0.999759 0
7.359 0.0411913 -0.99915 0
7.406 0.0736292 -0.997284 0
7.437 0.0969555 -0.995287 0
7.484 0.13497 -0.990848 0
7.515 0.161616 -0.986852 0
7.562 0.20408 -0.978952 0
7.594 0.234213 -0.972183 0
7.625 0.264188 -0.964469 0
7.672 0.310806 -0.950471 0
7.703 0.342129 -0.93965 0
7.75 0.390151 -0.920748 0
7.781 0.421986 -0.906599 0
7.812 0.453803 -0.891099 0
7.859 0.501739 -0.865016 0
7.89 0.532986 -0.84612 0
7.937 0.579522 -0.814952 0
7.969 0.610468 -0.792036 0
8 0.63976 -0.76857 0
8.047 0.682678 -0.730714 0
8.078 0.709876 -0.704321 0
8.125 0.749223 -0.662311 0
8.156 0.773822 -0.633396 0
8.187 0.797266 -0.603621 0
8.234 0.830468 -0.557058 0
8.265 0.850744 -0.525571 0
8.312 0.87891 -0.476976 0
8.344 0.896264 -0.44351 0
8.39 0.918578 -0.395225 0
8.422 0.932272 -0.361742 0
8.453 0.944127 -0.329565 0
8.5 0.959529 -0.281589 0
8.531 0.968066 -0.250671 0
8.578 0.978717 -0.205187 0
8.609 0.98434 -0.176245 0
8.656 0.990953 -0.134163 0
8.687 0.99418 -0.107672 0
8.719 0.996672 -0.0814335 0
8.765 0.998947 -0.0457364 0
8.797 0.999744 -0.0223308 0
8.844 0.999944 0.00991399 0
8.875 0.999549 0.0297992 0
8.906 0.998812 0.0485961 0
8.953 0.997173 0.0750473 0
8.984 0.995828 0.0911662 0
9.031 0.993515 0.113634 0
9.062 0.991872 0.12718 0
9.094 0.990127 0.140123 0
9.14 0.987605 0.156914 0
9.172 0.985889 0.167357 0
9.219 0.983494 0.180895 0
9.25 0.982032 0.188672 0
9.297 0.980043 0.198746 0
9.328 0.978906 0.204273 0
9.375 0.977481 0.210983 0
9.406 0.976756 0.214316 0
9.453 0.976001 0.217725 0
9.484 0.97574 0.218894 0
9.515 0.97567 0.219206 0
9.562 0.97593 0.218043 0
9.609 0.976627 0.2149 0
9.64 0.977317 0.211736 0
9.687 0.978696 0.205269 0
9.719 0.979848 0.1997 0
9.75 0.981112 0.193394 0
9.797 0.983271 0.182096 0
9.828 0.984828 0.17348 0
9.875 0.98733 0.158617 0
9.906 0.989037 0.147603 0
9.937 0.990752 0.135608 0
9.984 0.993296 0.115515 0
10.015 0.994878 0.100977 0
10.062 0.997025 0.0769443 0
10.094 0.998237 0.0591801 0
10.125 0.999154 0.0408678 0
10.172 0.999929 0.0109967 0
10.203 0.999938 -0.0101174 0
10.25 0.999008 -0.0443019 0
10.281 0.997654 -0.0682962 0
10.328 0.994261 -0.106882 0
10.359 0.991 -0.133786 0
10.406 0.984243 -0.176761 0
10.437 0.978432 -0.206519 0
10.469 0.971162 -0.238378 0
10.515 0.958188 -0.286105 0
10.547 0.947221 -0.320548 0
10.594 0.92792 -0.372752 0
10.625 0.912945 -0.408059 0
10.656 0.896072 -0.443887 0
10.703 0.866709 -0.498795 0
10.734 0.844785 -0.535089 0
10.781 0.807661 -0.589632 0
10.812 0.780676 -0.624922 0
10.844 0.750838 -0.660474 0
10.89 0.704678 -0.709516 0
10.922 0.670518 -0.741883 0
10.969 0.617725 -0.786385 0
11 0.581455 -0.813571 0
11.031 0.544237 -0.838924 0
11.078 0.486388 -0.873736 0
11.109 0.447542 -0.894257 0
11.156 0.388012 -0.921649 0
11.187 0.348563 -0.937281 0
11.234 0.288861 -0.957367 0
11.265 0.249776 -0.9683 0
11.312 0.191336 -0.981522 0
11.344 0.152333 -0.988327 0
11.39 0.0977294 -0.995211 0
11.422 0.0609698 -0.998138 0
11.469 0.00913645 -0.999957 0
11.5 -0.023465 -0.999724 0
11.531 -0.0546708 -0.998504 0
11.578 -0.0990847 -0.995079 0
11.609 -0.126326 -0.991989 0
11.656 -0.164298 -0.986411 0
11.687 -0.187043 -0.982352 0
11.719 -0.208532 -0.978016 0
11.765 -0.235793 -0.971804 0
11.797 -0.252199 -0.967676 0
11.844 -0.272509 -0.962154 0
11.875 -0.283503 -0.958973 0
11.922 -0.296761 -0.954953 0
11.953 -0.30348 -0.952839 0
12 -0.31117 -0.950356 0
12.031 -0.315027 -0.949084 0
12.062 -0.318321 -0.947984 0
12.109 -0.323067 -0.946377 0
12.14 -0.326552 -0.94518 0
12.187 -0.333143 -0.942877 0
12.219 -0.338878 -0.940831 0
12.265 -0.34925 -0.93703 0
12.297 -0.358052 -0.933702 0
12.328 -0.36784 -0.92989 0
12.375 -0.384988 -0.922922 0
12.406 -0.397741 -0.917498 0
12.453 -0.419068 -0.907955 0
12.484 -0.434316 -0.90076 0
12.531 -0.458975 -0.888449 0
12.562 -0.476105 -0.879387 0
12.609 -0.503123 -0.864214 0
12.64 -0.521481 -0.853261 0
12.687 -0.549872 -0.835247 0
12.719 -0.569436 -0.822033 0
12.75 -0.588458 -0.808526 0
12.797 -0.617231 -0.786779 0
12.828 -0.636046 -0.771647 0
12.875 -0.664137 -0.747607 0
12.906 -0.682279 -0.731087 0
12.953 -0.709049 -0.705153 0
12.984 -0.726146 -0.687535 0
13.031 -0.751106 -0.660175 0
13.062 -0.766882 -0.641781 0
13.109 -0.789686 -0.613503 0
13.14 -0.803959 -0.594676 0
13.172 -0.818033 -0.575161 0
13.219 -0.837468 -0.546475 0
13.25 -0.849474 -0.527619 0
13.297 -0.866445 -0.499259 0
13.328 -0.876834 -0.480779 0
13.375 -0.891387 -0.453227 0
13.406 -0.900214 -0.435431 0
13.453 -0.912467 -0.409132 0
13.484 -0.919829 -0.392298 0
13.531 -0.929953 -0.367654 0
13.562 -0.935978 -0.352035 0
13.594 -0.94168 -0.336484 0
13.64 -0.949009 -0.31522 0
13.672 -0.953541 -0.301232 0
13.719 -0.959416 -0.281959 0
13.75 -0.962818 -0.270113 0
13.797 -0.967318 -0.253524 0
13.828 -0.969885 -0.243519 0
13.875 -0.973223 -0.229815 0
13.906 -0.975088 -0.221768 0
13.937 -0.976707 -0.214527 0
13.984 -0.978727 -0.205111 0
14.015 -0.979795 -0.199948 0
14.062 -0.981043 -0.19373 0
14.094 -0.981652 -0.190617 0
14.14 -0.982206 -0.187744 0
14.172 -0.982373 -0.186865 0
14.203 -0.982368 -0.186891 0
14.25 -0.982046 -0.188577 0
14.281 -0.981622 -0.190772 0
14.328 -0.980645 -0.195731 0
14.359 -0.979769 -0.200069 0
14.406 -0.978063 -0.208246 0
14.437 -0.976671 -0.214679 0
14.484 -0.974118 -0.22598 0
14.515 -0.972118 -0.234434 0
14.562 -0.96856 -0.248726 0
14.594 -0.965744 -0.259445 0
14.625 -0.962687 -0.270568 0
14.672 -0.957385 -0.288768 0
14.703 -0.953415 -0.301616 0
14.75 -0.946622 -0.322302 0
14.781 -0.941598 -0.336698 0
14.828 -0.933099 -0.359581 0
14.859 -0.926881 -0.375318 0
14.906 -0.916475 -0.400057 0
14.937 -0.908939 -0.416896 0
14.969 -0.90058 -0.434659 0
15.015 -0.887502 -0.460774 0
15.047 -0.87765 -0.479274 0
15.094 -0.862038 -0.506816 0
15.125 -0.850995 -0.525149 0
15.172 -0.833123 -0.553063 0
15.203 -0.820602 -0.571477 0
15.234 -0.80751 -0.589832 0
15.281 -0.786613 -0.617426 0
15.312 -0.772171 -0.635395 0
15.359 -0.749351 -0.662154 0
15.39 -0.733742 -0.679409 0
15.437 -0.70934 -0.704849 0
15.469 -0.692292 -0.7216 0
15.515 -0.667309 -0.744765 0
15.547 -0.649691 -0.760183 0
15.594 -0.623633 -0.781703 0
15.625 -0.606433 -0.79512 0
15.656 -0.589312 -0.807891 0
15.703 -0.563678 -0.825981 0
15.734 -0.547101 -0.837053 0
15.781 -0.522671 -0.852522 0
15.812 -0.507135 -0.861855 0
15.859 -0.484634 -0.874705 0
15.89 -0.470579 -0.882347 0
15.937 -0.450581 -0.892724 0
15.969 -0.437912 -0.899007 0
16.015 -0.421043 -0.90703 0
16.047 -0.410187 -0.911991 0
16.078 -0.400273 -0.916386 0
16.125 -0.386107 -0.922444 0
16.156 -0.377099 -0.926163 0
16.203 -0.36344 -0.931608 0
16.234 -0.354095 -0.9352 0
16.281 -0.338815 -0.940844 0
16.312 -0.327671 -0.944782 0
16.344 -0.315029 -0.949073 0
16.39 -0.294465 -0.955653 0
16.422 -0.278295 -0.960486 0
16.469 -0.25153 -0.96784 0
16.5 -0.231828 -0.972748 0
16.547 -0.198781 -0.980035 0
16.578 -0.174887 -0.984579 0
16.609 -0.14935 -0.988775 0
16.656 -0.107581 -0.994187 0
16.687 -0.0781002 -0.996936 0
16.734 -0.030655 -0.999521 0
16.765 0.00232683 -0.999988 0
16.812 0.0546411 -0.998497 0
16.844 0.0916817 -0.995779 0
16.875 0.12852 -0.991697 0
16.922 0.185874 -0.982564 0
16.953 0.224491 -0.974466 0
17 0.283859 -0.958856 0
17.031 0.323329 -0.946276 0
17.062 0.36286 -0.931833 0
17.109 0.422531 -0.906337 0
17.14 0.46146 -0.88715 0
17.187 0.519372 -0.854536 0
17.219 0.557755 -0.829994 0
17.25 0.593913 -0.804516 0
17.297 0.646419 -0.762968 0
17.328 0.679288 -0.733857 0
17.375 0.726088 -0.687586 0
17.406 0.754791 -0.655949 0
17.437 0.781676 -0.623667 0
17.484 0.818868 -0.573962 0
17.515 0.841025 -0.540976 0
17.562 0.871066 -0.491143 0
17.594 0.889146 -0.457599 0
17.64 0.911941 -0.410293 0
17.672 0.925707 -0.378211 0
17.703 0.937519 -0.3479 0
17.75 0.952794 -0.303578 0
17.781 0.961283 -0.27552 0
17.828 0.972008 -0.234898 0
17.859 0.977812 -0.209427 0
17.906 0.984929 -0.172887 0
17.937 0.988646 -0.150185 0
17.969 0.99177 -0.127932 0
18.015 0.995168 -0.0980628 0
18.047 0.996881 -0.0787616 0
18.094 0.998602 -0.052607 0
18.125 0.99931 -0.0367781 0
18.156 0.999743 -0.0220722 0
18.203 0.999985 -0.0018998 0
18.234 0.999936 0.0100177 0
18.281 0.999648 0.0260067 0
18.312 0.999367 0.0351951 0
18.344 0.999037 0.0435597 0
18.39 0.998548 0.0536094 0
18.422 0.998229 0.0592394 0
18.469 0.997838 0.0655021 0
18.5 0.997648 0.068335 0
18.547 0.997484 0.0706747 0
18.578 0.997466 0.070933 0
18.625 0.997574 0.0693825 0
18.656 0.997732 0.0670803 0
18.687 0.997949 0.0637613 0
18.734 0.99837 0.0567887 0
18.765 0.998687 0.0509088 0
18.812 0.999181 0.0400506 0
18.844 0.999493 0.031318 0
18.875 0.999745 0.0218252 0
18.922 0.999968 0.00550223 0
18.953 0.999961 -0.00652738 0
19 0.999627 -0.0266537 0
19.031 0.999135 -0.0411506 0
19.062 0.998379 -0.0565947 0
19.109 0.996634 -0.0817569 0
19.14 0.995023 -0.0994577 0
19.187 0.991772 -0.12787 0
19.219 0.988934 -0.148233 0
19.25 0.985651 -0.168688 0
19.297 0.979583 -0.20095 0
19.328 0.974806 -0.222972 0
19.375 0.9663 -0.257346 0
19.406 0.95981 -0.280584 0
19.437 0.952587 -0.304208 0
19.484 0.940176 -0.340635 0
19.515 0.930993 -0.364987 0
19.562 0.915504 -0.402265 0
19.594 0.903848 -0.427813 0
19.64 0.885475 -0.46465 0
19.672 0.871548 -0.490276 0
19.719 0.849357 -0.527787 0
19.75 0.833579 -0.552371 0
19.781 0.816888 -0.576769 0
19.828 0.789837 -0.613292 0
19.859 0.770849 -0.636995 0
19.906 0.740343 -0.672209 0
19.937 0.71911 -0.694876 0
19.969 0.696291 -0.717741 0
20.015 0.661945 -0.749536 0
20.047 0.637032 -0.770822 0
20.094 0.599036 -0.800708 0
20.125 0.573141 -0.819443 0
20.156 0.546657 -0.837344 0
20.203 0.505542 -0.862791 0
20.234 0.477911 -0.878398 0
20.281 0.435482 -0.900188 0
20.312 0.407294 -0.913289 0
20.344 0.378166 -0.92573 0
20.39 0.336505 -0.941674 0
20.422 0.307865 -0.951423 0
20.469 0.266656 -0.963786 0
20.5 0.240238 -0.970709 0
20.531 0.214592 -0.976699 0
20.578 0.177502 -0.984116 0
20.609 0.154434 -0.987999 0
20.656 0.12194 -0.992534 0
20.687 0.102353 -0.994745 0
20.734 0.0758099 -0.99712 0
20.765 0.0605839 -0.998161 0
20.812 0.0412967 -0.999145 0
20.844 0.0309806 -0.999518 0
20.875 0.0233044 -0.999727 0
20.922 0.0162444 -0.999867 0
20.953 0.0147135 -0.999891 0
21 0.0171642 -0.999852 0
21.031 0.0217975 -0.999761 0
21.062 0.0285612 -0.999591 0
21.109 0.0419065 -0.999121 0
21.14 0.0518234 -0.998655 0
21.187 0.0665866 -0.99778 0
21.219 0.0752784 -0.997162 0
21.25 0.0819049 -0.996639 0
21.297 0.0876803 -0.996148 0
21.328 0.0883491 -0.996088 0
21.375 0.084416 -0.996429 0
21.406 0.0785888 -0.996906 0
21.453 0.0650342 -0.997881 0
21.484 0.0531261 -0.998586 0
21.531 0.0308606 -0.999521 0
21.562 0.013575 -0.999905 0
21.594 -0.00627962 -0.999977 0
21.64 -0.0381148 -0.99927 0
21.672 -0.0623456 -0.998051 0
21.719 -0.100675 -0.994915 0
21.75 -0.127529 -0.99183 0
21.797 -0.170255 -0.985395 0
21.828 -0.199548 -0.979883 0
21.875 -0.245269 -0.969449 0
21.906 -0.276078 -0.961129 0
21.937 -0.307239 -0.951625 0
21.984 -0.354853 -0.934914 0
22.015 -0.386312 -0.92236 0
22.062 -0.433778 -0.90101 0
22.094 -0.465764 -0.884899 0
22.125 -0.496369 -0.868101 0
22.172 -0.541848 -0.840464 0
22.203 -0.571114 -0.820858 0
22.25 -0.614187 -0.789146 0
22.281 -0.641648 -0.766984 0
22.312 -0.668289 -0.743885 0
22.359 -0.707011 -0.707184 0
22.39 -0.731389 -0.681941 0
22.437 -0.766499 -0.642223 0
22.469 -0.789082 -0.614264 0
22.515 -0.819607 -0.5729 0
22.547 -0.83946 -0.543394 0
22.578 -0.857589 -0.514305 0
22.625 -0.882967 -0.4694 0
22.656 -0.898296 -0.439353 0
22.703 -0.919371 -0.393348 0
22.734 -0.931833 -0.362839 0
22.781 -0.948545 -0.316584 0
22.812 -0.958139 -0.286239 0
22.859 -0.97056 -0.240784 0
22.89 -0.977392 -0.211347 0
22.922 -0.98336 -0.181565 0
22.969 -0.990245 -0.139198 0
23 -0.993654 -0.112305 0
23.047 -0.997287 -0.073344 0
23.078 -0.998782 -0.0489431 0
23.109 -0.999651 -0.0256319 0
23.156 -0.999951 0.00755904 0
23.187 -0.999587 0.0280037 0
23.234 -0.998365 0.0567893 0
23.265 -0.997213 0.0743213 0
23.297 -0.99581 0.0912174 0
23.344 -0.993476 0.113851 0
23.375 -0.991832 0.127382 0
23.422 -0.989289 0.145818 0
23.453 -0.987635 0.156633 0
23.484 -0.986037 0.166396 0
23.531 -0.983786 0.179225 0
23.562 -0.982451 0.186404 0
23.609 -0.980707 0.195368 0
23.64 -0.979767 0.200028 0
23.687 -0.978695 0.205207 0
23.719 -0.978225 0.207439 0
23.765 -0.977932 0.208812 0
23.797 -0.978001 0.208488 0
23.828 -0.978281 0.20717 0
23.875 -0.979098 0.203274 0
23.906 -0.979886 0.199442 0
23.953 -0.98143 0.191695 0
23.984 -0.982659 0.185292 0
24.015 -0.984034 0.177847 0
24.062 -0.986346 0.164542 0
24.094 -0.988036 0.15407 0
24.14 -0.99055 0.136976 0
24.172 -0.992303 0.123641 0
24.219 -0.994773 0.10187 0
24.25 -0.996265 0.086067 0
24.281 -0.997586 0.0691005 0
24.328 -0.99913 0.0411316 0
24.359 -0.999751 0.0211878 0
24.406 -0.999912 -0.0113382 0
24.437 -0.999388 -0.0343084 0
24.469 -0.998217 -0.0592868 0
24.515 -0.995218 -0.0974438 0
24.547 -0.992065 -0.125544 0
24.594 -0.985576 -0.169101 0
24.625 -0.979917 -0.199291 0
24.656 -0.973022 -0.230616 0
24.703 -0.95992 -0.280198 0
24.734 -0.949329 -0.314219 0
24.781 -0.929938 -0.367662 0
24.812 -0.91472 -0.404039 0
24.859 -0.887546 -0.460679 0
24.89 -0.866667 -0.498851 0
24.937 -0.8301 -0.557584 0
24.969 -0.801572 -0.597872 0
25 -0.770972 -0.636845 0
25.047 -0.71884 -0.695156 0
25.078 -0.680665 -0.732577 0
25.125 -0.617325 -0.786694 0
25.156 -0.572294 -0.820036 0
25.203 -0.499997 -0.866017 0
25.234 -0.450287 -0.892875 0
25.265 -0.399489 -0.91673 0
25.312 -0.321327 -0.946963 0
25.344 -0.267884 -0.963447 0
25.39 -0.191484 -0.981493 0
25.422 -0.139001 -0.99029 0
25.453 -0.0889115 -0.996039 0
25.5 -0.0147534 -0.999891 0
25.531 0.032775 -0.999464 0
25.578 0.102418 -0.994743 0
25.609 0.146596 -0.989199 0
25.64 0.189259 -0.98193 0
25.687 0.250847 -0.968031 0
25.719 0.290516 -0.956875 0
25.765 0.344146 -0.938921 0
25.797 0.378998 -0.925403 0
25.844 0.426402 -0.90454 0
25.875 0.455147 -0.890423 0
25.922 0.494836 -0.868993 0
25.953 0.518423 -0.855131 0
25.984 0.539942 -0.84171 0
26.031 0.568625 -0.822605 0
26.062 0.584951 -0.811077 0
26.109 0.605801 -0.795625 0
26.14 0.616999 -0.786972 0
26.172 0.626449 -0.779471 0
26.219 0.636494 -0.77129 0
26.25 0.640667 -0.767827 0
26.297 0.643411 -0.765529 0
26.328 0.642989 -0.765884 0
26.359 0.640959 -0.767583 0
26.406 0.635304 -0.77227 0
26.437 0.630308 -0.776352 0
26.484 0.621738 -0.783232 0
26.515 0.615989 -0.787761 0
26.547 0.610408 -0.792093 0
26.594 0.603485 -0.79738 0
26.625 0.600029 -0.799984 0
26.672 0.596735 -0.802443 0
26.703 0.595898 -0.803065 0
26.734 0.596112 -0.802905 0
26.781 0.598357 -0.801233 0
26.812 0.60102 -0.799237 0
26.859 0.606677 -0.794951 0
26.89 0.611371 -0.791346 0
26.937 0.619754 -0.784797 0
26.969 0.626221 -0.779647 0
27 0.632985 -0.774164 0
27.047 0.644022 -0.765007 0
27.078 0.651719 -0.75846 0
27.125 0.66386 -0.747855 0
27.156 0.672093 -0.740464 0
27.203 0.684776 -0.72875 0
27.234 0.6932 -0.720741 0
27.265 0.701616 -0.71255 0
27.312 0.714267 -0.699867 0
27.344 0.722746 -0.691107 0
27.39 0.734658 -0.67843 0
27.422 0.742706 -0.669609 0
27.453 0.750285 -0.661105 0
27.5 0.761313 -0.648373 0
27.531 0.768254 -0.640133 0
27.578 0.778229 -0.627968 0
27.609 0.784426 -0.620209 0
27.64 0.790305 -0.612699 0
27.687 0.798592 -0.601857 0
27.719 0.80379 -0.594896 0
27.765 0.810617 -0.585558 0
27.797 0.81491 -0.579568 0
27.844 0.820527 -0.571587 0
27.875 0.823779 -0.56689 0
27.922 0.828016 -0.560682 0
27.953 0.830349 -0.55722 0
28 0.83318 -0.552977 0
28.031 0.834577 -0.550866 0
28.062 0.835595 -0.54932 0
28.109 0.836406 -0.548083 0
28.14 0.83645 -0.548016 0
28.187 0.835753 -0.549077 0
28.219 0.83474 -0.550616 0
28.25 0.83333 -0.552747 0
28.297 0.830363 -0.557193 0
28.328 0.827838 -0.560936 0
28.375 0.823113 -0.567847 0
28.406 0.819377 -0.573225 0
28.437 0.815126 -0.579253 0
28.484 0.80765 -0.589631 0
28.515 0.802003 -0.597289 0
28.562 0.792288 -0.610117 0
28.594 0.784832 -0.619678 0
28.625 0.776921 -0.629568 0
28.672 0.763558 -0.645708 0
28.703 0.753789 -0.657087 0
28.75 0.737428 -0.675396 0
28.781 0.725556 -0.688134 0
28.812 0.712774 -0.701365 0
28.859 0.691562 -0.722288 0
28.89 0.676298 -0.7366 0
28.937 0.651109 -0.758957 0
28.969 0.632479 -0.77455 0
29.015 0.60349 -0.797343 0
29.047 0.581728 -0.813357 0
29.078 0.559351 -0.828905 0
29.125 0.522928 -0.852351 0
29.156 0.497219 -0.8676 0
29.203 0.455643 -0.890138 0
29.234 0.426495 -0.904466 0
29.281 0.3797 -0.925086 0
29.312 0.347142 -0.937789 0
29.344 0.312162 -0.950006 0
29.39 0.259531 -0.965712 0
29.422 0.221378 -0.975165 0
29.469 0.163249 -0.986563 0
29.5 0.123682 -0.9923 0
29.531 0.0832665 -0.996505 0
29.578 0.0206423 -0.999765 0
29.609 -0.0213562 -0.99975 0
29.656 -0.0857108 -0.996299 0
29.687 -0.128379 -0.991704 0
29.719 -0.172408 -0.985004 0
29.765 -0.235315 -0.971898 0
29.797 -0.278554 -0.960399 0
29.844 -0.340859 -0.940093 0
29.875 -0.380934 -0.924581 0
29.922 -0.43976 -0.898093 0
29.953 -0.477078 -0.878839 0
29.984 -0.513067 -0.858326 0
30.031 -0.564842 -0.825176 0
30.062 -0.59701 -0.802211 0
30.109 -0.642573 -0.766201 0
30.14 -0.670425 -0.741954 0
30.187 -0.709221 -0.704962 0
30.219 -0.733245 -0.67994 0
30.25 -0.754675 -0.656074 0
30.297 -0.783753 -0.621046 0
30.328 -0.800737 -0.59899 0
30.375 -0.823286 -0.567599 0
30.406 -0.836141 -0.548487 0
30.437 -0.84747 -0.530814 0
30.484 -0.861899 -0.50705 0
30.515 -0.869709 -0.493535 0
30.562 -0.879133 -0.476545 0
30.594 -0.883977 -0.467499 0
30.625 -0.887515 -0.460746 0
30.672 -0.890798 -0.454366 0
30.703 -0.891626 -0.452739 0
30.75 -0.890871 -0.454223 0
30.781 -0.88903 -0.457815 0
30.812 -0.886086 -0.463487 0
30.859 -0.879401 -0.476048 0
30.89 -0.873416 -0.486942 0
30.937 -0.861686 -0.50741 0
30.969 -0.851654 -0.524073 0
31.015 -0.833886 -0.551906 0
31.047 -0.818849 -0.57398 0
31.094 -0.792032 -0.610451 0
31.125 -0.770726 -0.637139 0
31.156 -0.746032 -0.665884 0
31.203 -0.700987 -0.713149 0
31.234 -0.665496 -0.746377 0
31.281 -0.602097 -0.798398 0
31.312 -0.554352 -0.832258 0
31.359 -0.476156 -0.879338 0
31.39 -0.423543 -0.905853 0
31.422 -0.370477 -0.928819 0
31.469 -0.296939 -0.954874 0
31.5 -0.251789 -0.96776 0
31.547 -0.18834 -0.982081 0
31.578 -0.149542 -0.988732 0
31.625 -0.0948343 -0.995469 0
31.656 -0.0611804 -0.998102 0
31.687 -0.0292551 -0.999546 0
31.734 0.0161873 -0.999843 0
31.765 0.044401 -0.998987 0
31.812 0.0848002 -0.99637 0
31.844 0.110819 -0.993812 0
31.89 0.146322 -0.989208 0
31.922 0.169813 -0.985447 0
31.969 0.202687 -0.979213 0
32 0.223394 -0.974697 0
32.031 0.243384 -0.969899 0
32.078 0.272425 -0.962145 0
32.109 0.2908 -0.956752 0
32.156 0.317568 -0.948203 0
32.187 0.334545 -0.942347 0
32.219 0.351534 -0.936142 0
32.265 0.375047 -0.926973 0
32.297 0.390796 -0.920445 0
32.344 0.413049 -0.910676 0
32.375 0.427165 -0.904141 0
32.406 0.440837 -0.897555 0
32.453 0.46072 -0.887514 0
32.484 0.47327 -0.880886 0
32.531 0.491426 -0.870889 0
32.562 0.502816 -0.864363 0
32.594 0.514076 -0.857716 0
32.64 0.529356 -0.848372 0
32.672 0.539345 -0.842058 0
32.719 0.553047 -0.833124 0
32.75 0.561449 -0.827487 0
32.781 0.569343 -0.822076 0
32.828 0.580346 -0.814348 0
32.859 0.586971 -0.809588 0
32.906 0.596071 -0.802914 0
32.937 0.601461 -0.798885 0
32.984 0.608731 -0.793362 0
33.015 0.612947 -0.790111 0
33.062 0.618493 -0.78578 0
33.094 0.621705 -0.783243 0
33.125 0.624397 -0.7811 0
33.172 0.627725 -0.77843 0
33.203 0.629444 -0.777043 0
33.25 0.631366 -0.775485 0
33.281 0.632204 -0.774803 0
33.328 0.632864 -0.774267 0
33.359 0.632918 -0.774223 0
33.39 0.632689 -0.774412 0
33.437 0.631837 -0.77511 0
33.469 0.630934 -0.775847 0
33.5 0.629831 -0.776744 0
33.547 0.627771 -0.778412 0
33.578 0.626184 -0.77969 0
33.625 0.623482 -0.781854 0
33.656 0.621535 -0.783404 0
33.703 0.61839 -0.785891 0
33.734 0.616222 -0.787593 0
33.765 0.614009 -0.78932 0
33.812 0.610624 -0.791943 0
33.844 0.608342 -0.793699 0
33.89 0.605166 -0.796124 0
33.922 0.603077 -0.797708 0
33.969 0.600273 -0.799822 0
34 0.598647 -0.80104 0
34.047 0.596615 -0.802556 0
34.078 0.595618 -0.803296 0
34.109 0.594942 -0.803798 0
34.156 0.594626 -0.804032 0
34.187 0.594953 -0.803791 0
34.234 0.596384 -0.802731 0
34.265 0.59802 -0.801513 0
34.297 0.600352 -0.799768 0
34.344 0.605092 -0.796188 0
34.375 0.609161 -0.793079 0
34.422 0.616917 -0.787062 0
34.453 0.623169 -0.782121 0
34.484 0.630395 -0.776309 0
34.531 0.643327 -0.765627 0
34.562 0.65322 -0.757204 0
34.609 0.670321 -0.742108 0
34.64 0.682932 -0.730519 0
34.672 0.696928 -0.71718 0
34.719 0.718778 -0.695278 0
34.75 0.733527 -0.6797 0
34.797 0.755249 -0.655479 0
34.828 0.768458 -0.639943 0
34.875 0.785792 -0.618535 0
34.906 0.795099 -0.606524 0
34.937 0.802589 -0.596577 0
34.984 0.810464 -0.585835 0
35.015 0.813415 -0.58173 0
35.062 0.814622 -0.580039 0
35.094 0.813259 -0.58195 0
35.14 0.808266 -0.588865 0
35.172 0.802695 -0.596437 0
35.203 0.795647 -0.605809 0
35.25 0.781805 -0.623571 0
35.281 0.770543 -0.637436 0
35.328 0.750124 -0.661345 0
35.359 0.734383 -0.678783 0
35.406 0.706951 -0.70731 0
35.437 0.686443 -0.72723 0
35.469 0.663218 -0.748473 0
35.515 0.626116 -0.779776 0
35.547 0.5977 -0.801766 0
35.594 0.552086 -0.833832 0
35.625 0.519496 -0.854517 0
35.656 0.484946 -0.874589 0
35.703 0.428908 -0.903391 0
35.734 0.389608 -0.921024 0
35.781 0.32662 -0.945198 0
35.812 0.282921 -0.959185 0
35.844 0.236097 -0.97177 0
35.89 0.165879 -0.986186 0
35.922 0.11511 -0.993392 0
35.969 0.0378529 -0.999321 0
36 -0.0147534 -0.999928 0
36.047 -0.0968159 -0.995338 0
36.078 -0.152318 -0.988366 0
36.125 -0.238193 -0.971251 0
36.156 -0.295652 -0.955327 0
36.187 -0.353385 -0.935508 0
