0.0 1.0
0.050000000000000003 0.99992499999999995
0.089999999999999997 0.99921300000000002
0.14000000000000001 0.99541000000000002
0.17999999999999999 0.98756600000000005
0.22 0.97269600000000001
0.27000000000000002 0.94015800000000005
0.32000000000000001 0.88811899999999999
0.35999999999999999 0.83092500000000002
0.40000000000000002 0.76021099999999997
0.45000000000000001 0.65585199999999999
0.48999999999999999 0.56408199999999997
0.53000000000000003 0.47060999999999997
0.57999999999999996 0.360844
0.63100000000000001 0.26776299999999997
0.67100000000000004 0.211285
0.71099999999999997 0.16364000000000001
0.751 0.111636
0.79100000000000004 0.042613999999999999
0.84099999999999997 -0.074859899999999993
0.88100000000000001 -0.19114100000000001
0.93100000000000005 -0.35415999999999997
0.97099999999999997 -0.48887399999999998
1.0109999999999999 -0.61816099999999996
1.0509999999999999 -0.73397199999999996
1.091 -0.82971600000000001
1.141 -0.91597799999999996
1.181 -0.95927899999999999
1.2210000000000001 -0.98420600000000003
1.2609999999999999 -0.99603600000000003
1.3109999999999999 -0.99968999999999997
1.3520000000000001 -0.99817999999999996
1.3919999999999999 -0.99568000000000001
1.4419999999999999 -0.99356299999999997
1.482 -0.99360499999999996
1.522 -0.99520799999999998
1.5620000000000001 -0.99765199999999998
1.6020000000000001 -0.99946199999999996
1.6519999999999999 -0.99726099999999995
1.6919999999999999 -0.98809499999999995
1.742 -0.96160100000000004
1.782 -0.92469100000000004
1.8220000000000001 -0.87185100000000004
1.8620000000000001 -0.80274400000000001
1.9019999999999999 -0.718418
1.952 -0.59560900000000006
1.992 -0.48879
2.0430000000000001 -0.35232400000000003
2.0830000000000002 -0.25473499999999999
2.1230000000000002 -0.17438600000000001
2.1629999999999998 -0.11823400000000001
2.2029999999999998 -0.088566099999999995
2.2530000000000001 -0.071760400000000002
2.2930000000000001 -0.046018299999999998
2.343 0.025865099999999999
2.383 0.11504300000000001
2.423 0.225692
2.4630000000000001 0.34952100000000003
2.5030000000000001 0.47782400000000003
2.5529999999999999 0.63225900000000002
2.593 0.74282400000000004
2.6429999999999998 0.85606899999999997
2.6829999999999998 0.92230299999999998
2.7240000000000002 0.966723
2.7639999999999998 0.990012
2.8039999999999998 0.99868100000000004
2.8540000000000001 0.99709000000000003
2.8940000000000001 0.99110299999999996
2.944 0.98262400000000005
2.984 0.97737700000000005
3.024 0.97471699999999994
3.0640000000000001 0.97513300000000003
3.1040000000000001 0.97856299999999996
3.1539999999999999 0.98606499999999997
3.194 0.99294199999999999
3.234 0.99813300000000005
3.274 0.99823799999999996
3.3239999999999998 0.98387899999999995
3.3639999999999999 0.95295600000000003
3.415 0.87560300000000002
3.4550000000000001 0.77844100000000005
3.4950000000000001 0.65107300000000001
3.5449999999999999 0.46368199999999998
3.585 0.30475600000000003
3.6349999999999998 0.11164399999999999
3.6749999999999998 -0.027078399999999999
3.7149999999999999 -0.14300199999999999
3.7549999999999999 -0.230099
3.8050000000000002 -0.29454599999999997
3.8450000000000002 -0.31634400000000001
3.8849999999999998 -0.33002900000000002
3.9350000000000001 -0.364929
3.9750000000000001 -0.41454000000000002
4.0149999999999997 -0.479597
4.0549999999999997 -0.55361199999999999
4.1059999999999999 -0.65076900000000004
4.1459999999999999 -0.72260400000000002
4.1859999999999999 -0.78659299999999999
4.2359999999999998 -0.85265000000000002
4.2759999999999998 -0.89375400000000005
4.3159999999999998 -0.92501999999999995
4.3559999999999999 -0.94766300000000003
4.4059999999999997 -0.96615099999999998
4.4459999999999997 -0.97493799999999997
4.4859999999999998 -0.97977700000000001
4.5359999999999996 -0.98153900000000005
4.5860000000000003 -0.97899999999999998
4.6360000000000001 -0.97140599999999999
4.6760000000000002 -0.96043699999999999
4.726 -0.93840400000000002
4.766 -0.91235500000000003
4.8070000000000004 -0.876471
4.8470000000000004 -0.83178799999999997
4.8970000000000002 -0.76283000000000001
4.9370000000000003 -0.69894699999999998
4.9870000000000001 -0.61304800000000004
5.0469999999999997 -0.51258400000000004
5.0869999999999997 -0.454959
5.1269999999999998 -0.40874300000000002
5.1769999999999996 -0.36247800000000002
5.2169999999999996 -0.32080700000000001
5.2569999999999997 -0.26030199999999998
5.3070000000000004 -0.147929
5.3470000000000004 -0.028646899999999999
5.3869999999999996 0.112029
5.4370000000000003 0.30655300000000002
5.4770000000000003 0.46539000000000003
5.5179999999999998 0.61843000000000004
5.5679999999999996 0.774258
5.6079999999999997 0.865927
5.6479999999999997 0.92829099999999998
5.6879999999999997 0.96655999999999997
5.7380000000000004 0.99048000000000003
5.7779999999999996 0.99761599999999995
5.8280000000000003 0.99890199999999996
5.8680000000000003 0.99761
5.9080000000000004 0.99637699999999996
5.9480000000000004 0.99616000000000005
5.9880000000000004 0.99707199999999996
6.0380000000000003 0.99864399999999998
6.0780000000000003 0.99826099999999995
6.1180000000000003 0.993807
6.1580000000000004 0.98243499999999995
6.2089999999999996 0.95364300000000002
6.2489999999999997 0.917211
6.2889999999999997 0.86697599999999997
6.3390000000000004 0.78348300000000004
6.3789999999999996 0.70006100000000004
6.4189999999999996 0.60310299999999994
6.4589999999999996 0.49551600000000001
6.5090000000000003 0.35388999999999998
6.5490000000000004 0.24377199999999999
6.5890000000000004 0.14608299999999999
6.6390000000000002 0.0557222
6.6790000000000003 0.019699000000000001
6.7190000000000003 0.0229076
6.7690000000000001 0.066248600000000005
6.8090000000000002 0.086954299999999998
6.8490000000000002 0.0678975
6.8899999999999997 0.0083544099999999996
6.9400000000000004 -0.107145
6.9800000000000004 -0.222387
7.0199999999999996 -0.34760200000000002
7.0700000000000003 -0.50464799999999999
7.1100000000000003 -0.62207599999999996
7.1500000000000004 -0.72688699999999995
7.1900000000000004 -0.81608499999999995
7.2400000000000002 -0.90295099999999995
7.2800000000000002 -0.95154799999999995
7.3200000000000003 -0.98173699999999997
7.3600000000000003 -0.99586799999999998
7.4100000000000001 -0.99778199999999995
7.4500000000000002 -0.99262499999999998
7.5 -0.984016
7.54 -0.97841100000000003
7.5810000000000004 -0.97551299999999996
7.6310000000000002 -0.97680699999999998
7.6710000000000003 -0.98144299999999995
7.7110000000000003 -0.98815799999999998
7.7610000000000001 -0.99626700000000001
7.8010000000000002 -0.99849100000000002
7.8410000000000002 -0.99183900000000003
7.8810000000000002 -0.970051
7.931 -0.90923699999999996
7.9710000000000001 -0.82150800000000002
8.0109999999999992 -0.68810300000000002
8.0609999999999999 -0.459013
8.1010000000000009 -0.25134200000000001
8.141 -0.047202000000000001
8.1809999999999992 0.14042299999999999
8.2309999999999999 0.34004899999999999
8.2720000000000002 0.46831699999999998
8.3119999999999994 0.55977699999999997
8.3620000000000001 0.62686699999999995
8.4019999999999992 0.64395599999999997
8.4420000000000002 0.63325100000000001
8.4819999999999993 0.61058100000000004
8.532 0.59569899999999998
8.5719999999999992 0.60241900000000004
8.6219999999999999 0.62914099999999995
8.6620000000000008 0.65940299999999996
8.702 0.69295300000000004
8.7520000000000007 0.73447799999999996
8.7919999999999998 0.76449400000000001
8.8320000000000007 0.79003299999999999
8.8719999999999999 0.81026299999999996
8.9220000000000006 0.82747599999999999
8.9619999999999997 0.83452800000000005
9.0030000000000001 0.83529600000000004
9.0530000000000008 0.82666300000000004
9.093 0.811164
9.1329999999999991 0.78660699999999995
9.173 0.75112599999999996
9.2230000000000008 0.68773399999999996
9.2629999999999999 0.61834699999999998
9.3030000000000008 0.52929000000000004
9.3529999999999998 0.38726899999999997
9.3930000000000007 0.24901699999999999
9.4329999999999998 0.092056600000000002
9.4830000000000005 -0.120341
9.5229999999999997 -0.291715
9.5730000000000004 -0.490423
9.6129999999999995 -0.62570400000000004
9.6639999999999997 -0.75786699999999996
9.7040000000000006 -0.82853699999999997
9.7439999999999998 -0.87326599999999999
9.7940000000000005 -0.899729
9.8439999999999994 -0.89954699999999999
9.8840000000000003 -0.88001799999999997
9.9239999999999995 -0.83737799999999996
9.9640000000000004 -0.75798699999999997
10.013999999999999 -0.56742000000000004
10.054 -0.360794
10.093999999999999 -0.18191399999999999
10.144 -0.0073372300000000001
10.183999999999999 0.105839
10.234 0.22536100000000001
10.273999999999999 0.308473
10.314 0.38324599999999998
10.365 0.46837099999999998
10.404999999999999 0.52713399999999999
10.445 0.57797100000000001
10.494999999999999 0.62898600000000005
10.535 0.65934199999999998
10.585000000000001 0.68477699999999997
10.625 0.69602600000000003
10.664999999999999 0.70008999999999999
10.705 0.69776099999999996
10.755000000000001 0.68701000000000001
10.795 0.67312499999999997
10.845000000000001 0.65081900000000004
10.885 0.63065899999999997
10.935 0.60555599999999998
10.975 0.58846299999999996
11.015000000000001 0.57726100000000002
11.055999999999999 0.57569899999999996
11.106 0.59406899999999996
11.146000000000001 0.630077
11.186 0.68386599999999997
11.236000000000001 0.74422900000000003
11.276 0.76096799999999998
11.316000000000001 0.74664600000000003
11.366 0.68631399999999998
11.406000000000001 0.60254200000000002
11.456 0.45184099999999999
11.496 0.29642600000000002
11.545999999999999 0.065510499999999999
11.586 -0.14196500000000001
11.635999999999999 -0.41775400000000001
11.676 -0.62759799999999999
11.715999999999999 -0.79125199999999996
11.766999999999999 -0.91874900000000004
11.807 -0.97078399999999998
11.847 -0.99437600000000004
11.887 -0.99865000000000004
11.936999999999999 -0.98727299999999996
11.977 -0.97125499999999998
12.016999999999999 -0.95348599999999994
12.067 -0.93326600000000004
12.106999999999999 -0.92113100000000003
12.157 -0.91297099999999998
12.196999999999999 -0.91269500000000003
12.247 -0.92011100000000001
12.287000000000001 -0.93157500000000004
12.327 -0.94678899999999999
12.367000000000001 -0.96407100000000001
12.417 -0.98486300000000004
12.458 -0.99688299999999996
12.497999999999999 -0.99900999999999995
12.548 -0.97799199999999997
12.587999999999999 -0.93062400000000001
12.638 -0.81370299999999995
12.678000000000001 -0.66875399999999996
12.718 -0.49392599999999998
12.768000000000001 -0.261488
12.808 -0.078000700000000006
12.848000000000001 0.094242800000000002
12.898 0.281412
12.938000000000001 0.39996300000000001
12.978 0.48536899999999999
13.018000000000001 0.53469299999999997
13.068 0.54230800000000001
13.108000000000001 0.50810200000000005
13.159000000000001 0.454266
13.199 0.43747200000000003
13.249000000000001 0.452926
13.289 0.48678900000000003
13.329000000000001 0.53254000000000001
13.369 0.58427899999999999
13.419 0.64997499999999997
13.459 0.69892500000000002
13.499000000000001 0.74209099999999995
13.548999999999999 0.78607300000000002
13.589 0.81279800000000002
13.638999999999999 0.83580600000000005
13.679 0.84622200000000003
13.718999999999999 0.84971399999999997
13.769 0.84409800000000001
13.808999999999999 0.83088200000000001
13.859999999999999 0.80078300000000002
13.9 0.76456400000000002
13.94 0.71471899999999999
13.98 0.64856800000000003
14.029999999999999 0.53901399999999999
14.07 0.42777999999999999
14.109999999999999 0.29576799999999998
14.16 0.106656
14.199999999999999 -0.055497900000000003
14.25 -0.25535400000000003
14.289999999999999 -0.39951799999999998
14.34 -0.54506699999999997
14.380000000000001 -0.62768999999999997
14.42 -0.67924099999999998
14.460000000000001 -0.70081199999999999
14.51 -0.68527400000000005
14.561 -0.60982700000000001
14.601000000000001 -0.48558899999999999
14.641 -0.290709
14.680999999999999 -0.103426
14.731 0.051074099999999997
14.771000000000001 0.12698300000000001
14.811 0.17152000000000001
14.861000000000001 0.19082099999999999
14.901 0.180698
14.951000000000001 0.13986000000000001
14.991 0.088248300000000002
15.031000000000001 0.024513299999999998
15.081 -0.063148399999999993
15.121 -0.13137799999999999
15.161 -0.19070999999999999
15.201000000000001 -0.235676
15.252000000000001 -0.26615699999999998
15.292 -0.26592399999999999
15.342000000000001 -0.23219899999999999
15.382 -0.17439299999999999
15.422000000000001 -0.082257899999999995
15.472 0.100881
15.512 0.31155300000000002
15.561999999999999 0.534169
15.602 0.62976200000000004
15.651999999999999 0.68468300000000004
15.692 0.69167199999999995
15.742000000000001 0.66004700000000005
15.782 0.60207299999999997
15.821999999999999 0.51415500000000003
15.862 0.39766600000000002
15.901999999999999 0.25750800000000001
15.952999999999999 0.057638000000000002
15.993 -0.103383
16.042999999999999 -0.29441499999999998
16.082999999999998 -0.43045899999999998
16.123000000000001 -0.54711900000000002
16.172999999999998 -0.66393000000000002
16.213000000000001 -0.73530600000000002
16.263000000000002 -0.800539
16.303000000000001 -0.83670699999999998
16.343 -0.861263
16.382999999999999 -0.87612299999999999
16.433 -0.88293900000000003
16.472999999999999 -0.87955700000000003
16.513000000000002 -0.86796799999999996
16.562999999999999 -0.84015899999999999
16.603000000000002 -0.80490899999999999
16.654 -0.73884499999999997
16.693999999999999 -0.66698599999999997
16.744 -0.54854499999999995
16.783999999999999 -0.429871
16.824000000000002 -0.29156500000000002
16.864000000000001 -0.138013
16.914000000000001 0.064732100000000001
16.954000000000001 0.22534899999999999
16.994 0.37572299999999997
17.044 0.53986900000000004
17.084 0.64797899999999997
17.123999999999999 0.73475800000000002
17.173999999999999 0.81561399999999995
17.213999999999999 0.86150199999999999
17.263999999999999 0.900366
17.303999999999998 0.92002899999999999
17.344999999999999 0.93210999999999999
17.385000000000002 0.93749300000000002
17.434999999999999 0.93634399999999995
17.475000000000001 0.92897600000000002
17.515000000000001 0.91494500000000001
17.565000000000001 0.88574600000000003
17.605 0.85085100000000002
17.655000000000001 0.79025299999999998
17.695 0.72748699999999999
17.745000000000001 0.63254999999999995
17.785 0.54567200000000005
17.824999999999999 0.45094899999999999
17.875 0.32219300000000001
17.914999999999999 0.209338
17.954999999999998 0.084252199999999999
17.995000000000001 -0.058658000000000002
18.045999999999999 -0.28115499999999999
18.085999999999999 -0.49503900000000001
18.126000000000001 -0.68815199999999999
18.175999999999998 -0.82798400000000005
18.216000000000001 -0.88627299999999998
18.265999999999998 -0.92318500000000003
18.306000000000001 -0.93460699999999997
18.356000000000002 -0.93176800000000004
18.396000000000001 -0.915242
18.436 -0.88256699999999999
18.475999999999999 -0.82917600000000002
18.515999999999998 -0.75108299999999995
18.565999999999999 -0.61623399999999995
18.606000000000002 -0.48047299999999998
18.655999999999999 -0.28397499999999998
18.696000000000002 -0.114522
18.736999999999998 0.060436200000000002
18.786999999999999 0.26214999999999999
18.827000000000002 0.40582800000000002
18.876999999999999 0.55655299999999996
18.917000000000002 0.65259
18.957000000000001 0.727908
18.997 0.78485899999999997
19.047000000000001 0.83452000000000004
19.087 0.86029
19.126999999999999 0.87599899999999997
19.177 0.88364200000000004
19.216999999999999 0.88092400000000004
19.266999999999999 0.86610200000000004
19.306999999999999 0.843781
19.347000000000001 0.81016600000000005
19.387 0.76278599999999996
19.437999999999999 0.67795700000000003
19.488 0.56339899999999998
19.527999999999999 0.44734200000000002
19.577999999999999 0.27285399999999999
19.617999999999999 0.114021
19.667999999999999 -0.097985100000000006
19.707999999999998 -0.26794699999999999
19.757999999999999 -0.465887
19.797999999999998 -0.60291600000000001
19.838000000000001 -0.715001
19.888000000000002 -0.81699100000000002
19.928000000000001 -0.86979600000000001
19.968 -0.90109600000000001
20.018000000000001 -0.91615500000000005
20.058 -0.91159599999999996
20.099 -0.89035699999999995
20.149000000000001 -0.83247000000000004
20.189 -0.74392899999999995
20.228999999999999 -0.58935400000000004
20.279 -0.324824
20.318999999999999 -0.13950599999999999
20.369 0.043388799999999998
20.408999999999999 0.163803
20.449000000000002 0.26879799999999998
20.489000000000001 0.36266500000000002
20.539000000000001 0.46815099999999998
20.579000000000001 0.544265
20.619 0.61266900000000002
20.669 0.68556099999999998
20.709 0.73246699999999998
20.759 0.77632500000000004
20.800000000000001 0.80066400000000004
20.850000000000001 0.81759599999999999
20.890000000000001 0.82197600000000004
20.93 0.81865299999999996
20.969999999999999 0.80762800000000001
21.010000000000002 0.78855799999999998
21.059999999999999 0.75251800000000002
21.100000000000001 0.71315700000000004
21.149999999999999 0.65018900000000002
21.190000000000001 0.58913599999999999
21.23 0.51997400000000005
21.280000000000001 0.42618699999999998
21.32 0.35025600000000001
21.370000000000001 0.26295099999999999
21.41 0.20655699999999999
21.449999999999999 0.16891100000000001
21.491 0.15657499999999999
21.541 0.18929299999999999
21.581 0.26478800000000002
21.620999999999999 0.380359
21.670999999999999 0.495643
21.710999999999999 0.52653099999999997
21.760999999999999 0.50230399999999997
21.800999999999998 0.44029499999999999
21.850999999999999 0.31579400000000002
21.890999999999998 0.18537600000000001
21.931000000000001 0.036744899999999997
21.971 -0.120008
22.021000000000001 -0.31340200000000001
22.061 -0.458148
22.100999999999999 -0.59012399999999998
22.151 -0.73486300000000004
22.192 -0.83529299999999995
22.231999999999999 -0.91405700000000001
22.282 -0.97680299999999998
22.321999999999999 -0.997444
22.372 -0.99952700000000005
22.411999999999999 -0.99265499999999995
22.452000000000002 -0.98429299999999997
22.501999999999999 -0.97682400000000003
22.542000000000002 -0.97548800000000002
22.582000000000001 -0.97885500000000003
22.622 -0.98605200000000004
22.672000000000001 -0.99664799999999998
22.712 -1.00132
22.762 -0.993089
22.802 -0.96740599999999999
22.852 -0.90122800000000003
22.893000000000001 -0.81168200000000001
22.933 -0.68759700000000001
22.983000000000001 -0.46948099999999998
23.023 -0.230352
23.062999999999999 0.057524499999999999
23.103000000000002 0.32492300000000002
23.152999999999999 0.57876300000000003
23.193000000000001 0.72803899999999999
23.233000000000001 0.83859099999999998
23.283000000000001 0.93026600000000004
23.323 0.972298
23.373000000000001 0.99519800000000003
23.413 0.99785000000000001
23.463000000000001 0.99202299999999999
23.503 0.98618799999999995
23.553000000000001 0.98258599999999996
23.594000000000001 0.98417500000000002
23.634 0.98907
23.673999999999999 0.995035
23.724 0.99750899999999998
23.763999999999999 0.98679099999999997
23.803999999999998 0.95471499999999998
23.853999999999999 0.87948000000000004
23.893999999999998 0.79714300000000005
23.934000000000001 0.69970900000000003
23.984000000000002 0.55800300000000003
24.024000000000001 0.42859399999999997
24.074000000000002 0.24798999999999999
24.114000000000001 0.092187099999999994
24.154 -0.066919400000000004
24.204000000000001 -0.25621899999999997
24.244 -0.387459
24.285 -0.493703
24.335000000000001 -0.57711999999999997
24.375 -0.60448400000000002
24.414999999999999 -0.59315399999999996
24.465 -0.509467
24.504999999999999 -0.38127699999999998
24.555 -0.232073
24.594999999999999 -0.165328
24.635000000000002 -0.13755800000000001
24.684999999999999 -0.144895
24.725000000000001 -0.17704800000000001
24.774999999999999 -0.24168000000000001
24.815000000000001 -0.30677900000000002
24.855 -0.37833600000000001
24.895 -0.45168700000000001
24.934999999999999 -0.52290700000000001
24.986000000000001 -0.60608700000000004
25.026 -0.66313999999999995
25.076000000000001 -0.72297100000000003
25.116 -0.76139400000000002
25.166 -0.79766700000000001
25.206 -0.81721699999999997
25.256 -0.82926999999999995
25.295999999999999 -0.82816800000000002
25.335999999999999 -0.81637999999999999
25.385999999999999 -0.78423600000000004
25.425999999999998 -0.74174099999999998
25.466000000000001 -0.68040199999999995
25.506 -0.59432799999999997
25.556000000000001 -0.43590499999999999
25.596 -0.243919
25.635999999999999 0.021884000000000001
25.687000000000001 0.32506099999999999
25.727 0.48135
25.777000000000001 0.61550300000000002
25.817 0.69049899999999997
25.856999999999999 0.74475499999999994
25.907 0.78994900000000001
25.946999999999999 0.81140299999999999
25.986999999999998 0.82186400000000004
26.036999999999999 0.821523
26.077000000000002 0.81164899999999995
26.117000000000001 0.79381599999999997
26.167000000000002 0.76051199999999997
26.207000000000001 0.72485599999999994
26.257000000000001 0.66863300000000003
26.297000000000001 0.61434
26.337 0.55237899999999995
26.388000000000002 0.46462199999999998
26.428000000000001 0.39213199999999998
26.468 0.32045699999999999
26.518000000000001 0.23905199999999999
26.558 0.18665599999999999
26.597999999999999 0.15116399999999999
26.638000000000002 0.13778699999999999
26.687999999999999 0.16114600000000001
26.728000000000002 0.22162399999999999
26.777999999999999 0.36260599999999998
26.818000000000001 0.49072300000000002
26.867999999999999 0.57975100000000002
26.908000000000001 0.59415700000000005
26.948 0.56927399999999995
26.998000000000001 0.48881599999999997
27.038 0.38799299999999998
27.079000000000001 0.25627699999999998
27.119 0.10834100000000001
27.169 -0.0881546
27.209 -0.24326400000000001
27.259 -0.42392200000000002
27.298999999999999 -0.55396299999999998
27.338999999999999 -0.67008699999999999
27.388999999999999 -0.79559199999999997
27.428999999999998 -0.87904199999999999
27.478999999999999 -0.95503700000000002
27.518999999999998 -0.98737200000000003
27.568999999999999 -0.99914199999999997
27.609000000000002 -0.99676299999999995
27.649000000000001 -0.99124900000000005
27.689 -0.98661600000000005
27.739000000000001 -0.985263
27.780000000000001 -0.98844699999999996
27.82 -0.99398600000000004
27.870000000000001 -0.99956699999999998
27.91 -0.99709099999999995
27.960000000000001 -0.97526199999999996
28.0 -0.93493000000000004
28.039999999999999 -0.86790299999999998
28.09 -0.73890900000000004
28.129999999999999 -0.59298600000000001
28.18 -0.34353699999999998
28.219999999999999 -0.079671800000000001
28.260000000000002 0.20637
28.300000000000001 0.44668799999999997
28.350000000000001 0.667879
28.390000000000001 0.79493800000000003
28.43 0.88585199999999997
28.481000000000002 0.95779700000000001
28.521000000000001 0.986425
28.571000000000002 0.99797199999999997
28.611000000000001 0.99560300000000002
28.651 0.98912299999999997
28.701000000000001 0.98169399999999996
28.741 0.97935499999999998
28.780999999999999 0.98114699999999999
28.821000000000002 0.98642099999999999
28.870999999999999 0.99471500000000002
28.911000000000001 0.99802800000000003
28.960999999999999 0.98729999999999996
29.001000000000001 0.95569300000000001
29.041 0.89768499999999996
29.091000000000001 0.79423999999999995
29.131 0.69288899999999998
29.172000000000001 0.57398899999999997
29.222000000000001 0.40937600000000002
29.262 0.26392599999999999
29.302 0.110135
29.341999999999999 -0.045463099999999999
29.391999999999999 -0.228654
29.431999999999999 -0.35422399999999998
29.481999999999999 -0.471891
29.521999999999998 -0.52867200000000003
29.571999999999999 -0.547346
29.611999999999998 -0.51275999999999999
29.652000000000001 -0.42293799999999998
29.692 -0.29953299999999999
29.742000000000001 -0.188996
29.782 -0.15139
29.832999999999998 -0.15332100000000001
29.873000000000001 -0.18460199999999999
29.913 -0.235323
29.963000000000001 -0.31714199999999998
30.003 -0.390343
30.042999999999999 -0.46471299999999999
30.093 -0.55281400000000003
30.132999999999999 -0.61574200000000001
30.172999999999998 -0.67008100000000004
30.222999999999999 -0.724993
30.263000000000002 -0.75863599999999998
30.312999999999999 -0.78864199999999995
30.353000000000002 -0.80371000000000004
30.393000000000001 -0.81131299999999995
30.433 -0.81162900000000004
30.483000000000001 -0.80156899999999998
30.523 -0.78465600000000002
30.574000000000002 -0.75070800000000004
30.614000000000001 -0.71366499999999999
30.654 -0.66683199999999998
30.693999999999999 -0.60939500000000002
30.744 -0.52050399999999997
30.783999999999999 -0.43268800000000002
30.824000000000002 -0.32552700000000001
30.873999999999999 -0.15319099999999999
30.914000000000001 0.031393999999999998
30.963999999999999 0.33677299999999999
31.004000000000001 0.552149
31.044 0.687998
31.094000000000001 0.78812300000000002
31.134 0.83429799999999998
31.173999999999999 0.85993600000000003
31.225000000000001 0.86937500000000001
31.265000000000001 0.86020399999999997
31.305 0.83582400000000001
31.355 0.78162699999999996
31.395 0.71772400000000003
31.445 0.611757
31.484999999999999 0.507386
31.524999999999999 0.38807599999999998
31.574999999999999 0.22358700000000001
31.614999999999998 0.085982600000000006
31.664999999999999 -0.082783399999999993
31.704999999999998 -0.20624400000000001
31.745000000000001 -0.31179400000000002
31.795000000000002 -0.410327
31.835000000000001 -0.45851500000000001
31.875 -0.47769600000000001
31.916 -0.46541700000000003
31.966000000000001 -0.399704
32.006 -0.29330099999999998
32.045999999999999 -0.116726
32.095999999999997 0.146399
32.136000000000003 0.29052
32.186 0.38968700000000001
32.225999999999999 0.42380299999999999
32.276000000000003 0.42155500000000001
32.316000000000003 0.38731500000000002
32.356000000000002 0.32606499999999999
32.405999999999999 0.21540300000000001
32.445999999999998 0.104963
32.485999999999997 -0.0183124
32.526000000000003 -0.14748700000000001
32.576000000000001 -0.30706899999999998
32.616999999999997 -0.42897800000000003
32.667000000000002 -0.55895700000000004
32.707000000000001 -0.64394200000000001
32.747 -0.70971799999999996
32.796999999999997 -0.76396399999999998
32.837000000000003 -0.78557900000000003
32.877000000000002 -0.78859299999999999
32.927 -0.76553599999999999
32.966999999999999 -0.72225700000000004
33.006999999999998 -0.649702
33.046999999999997 -0.53399099999999999
33.097000000000001 -0.28945599999999999
33.137 -0.041152599999999998
33.186999999999998 0.19665099999999999
33.226999999999997 0.32827499999999998
33.277000000000001 0.446297
33.317999999999998 0.51555200000000001
33.357999999999997 0.56459700000000002
33.398000000000003 0.59831699999999999
33.448 0.62196099999999999
33.488 0.62802400000000003
33.527999999999999 0.62429800000000002
33.578000000000003 0.60808300000000004
33.618000000000002 0.58743299999999998
33.667999999999999 0.55382200000000004
33.707999999999998 0.52197199999999999
33.747999999999998 0.487037
33.798000000000002 0.44147500000000001
33.838000000000001 0.406032
33.878 0.37424400000000002
33.917999999999999 0.34908899999999998
33.968000000000004 0.33210000000000001
34.009 0.335009
34.048999999999999 0.357491
34.098999999999997 0.42191600000000001
34.139000000000003 0.50963199999999997
34.189 0.639347
34.228999999999999 0.70659799999999995
34.279000000000003 0.73036299999999998
34.319000000000003 0.71117200000000003
34.359000000000002 0.66089200000000003
34.399000000000001 0.57929299999999995
34.448999999999998 0.43456600000000001
34.488999999999997 0.28963
34.529000000000003 0.12656400000000001
34.579000000000001 -0.0904528
34.619 -0.26661299999999999
34.668999999999997 -0.48320200000000002
34.710000000000001 -0.65324899999999997
34.75 -0.80115499999999995
34.799999999999997 -0.92740100000000003
34.840000000000003 -0.976661
34.880000000000003 -0.99573500000000004
34.93 -0.99570999999999998
34.969999999999999 -0.98604099999999995
35.009999999999998 -0.97339100000000001
35.049999999999997 -0.96142000000000005
35.100000000000001 -0.95139799999999997
35.140000000000001 -0.94937199999999999
35.189999999999998 -0.95527899999999999
35.229999999999997 -0.96586300000000003
35.280000000000001 -0.98267700000000002
35.32 -0.994282
35.359999999999999 -0.99873299999999998
35.411000000000001 -0.98515600000000003
35.451000000000001 -0.95307699999999995
35.500999999999998 -0.88035699999999995
35.540999999999997 -0.79332400000000003
35.581000000000003 -0.67865299999999995
35.621000000000002 -0.53314600000000001
35.670999999999999 -0.296761
35.710999999999999 -0.047897299999999997
35.750999999999998 0.24160599999999999
35.801000000000002 0.53795899999999996
35.841000000000001 0.69920099999999996
35.890999999999998 0.83787100000000003
35.930999999999997 0.91221699999999994
35.970999999999997 0.96093899999999999
36.021000000000001 0.992506
36.061 0.99913099999999999
36.101999999999997 0.993367
36.142000000000003 0.9798
36.192 0.95803700000000003
36.231999999999999 0.94110099999999997
36.281999999999996 0.92500700000000002
36.322000000000003 0.91835999999999995
36.372 0.91915599999999997
36.411999999999999 0.92690600000000001
36.451999999999998 0.93991400000000003
36.491999999999997 0.95639600000000002
36.542000000000002 0.97802999999999995
36.582000000000001 0.99225600000000003
36.622 0.99961
36.671999999999997 0.99235300000000004
36.712000000000003 0.96695299999999995
36.752000000000002 0.91676599999999997
36.802999999999997 0.80029899999999998
36.843000000000004 0.64597800000000005
36.893000000000001 0.35473900000000003
36.933 0.10109799999999999
36.972999999999999 -0.123879
37.012999999999998 -0.32071699999999997
37.063000000000002 -0.53191900000000003
37.103000000000002 -0.67267299999999997
37.143000000000001 -0.78618399999999999
37.192999999999998 -0.88810999999999996
37.232999999999997 -0.93979900000000005
37.283000000000001 -0.975136
37.323 -0.98779499999999998
37.372999999999998 -0.99327200000000004
37.412999999999997 -0.99311499999999997
37.453000000000003 -0.98878699999999997
37.494 -0.97572000000000003
37.543999999999997 -0.93309699999999995
37.584000000000003 -0.864066
37.624000000000002 -0.77188800000000002
37.673999999999999 -0.64927299999999999
37.713999999999999 -0.55000499999999997
37.753999999999998 -0.44777699999999998
37.804000000000002 -0.31164599999999998
37.844000000000001 -0.192907
37.893999999999998 -0.0293542
37.933999999999997 0.11340600000000001
37.973999999999997 0.26353399999999999
38.024000000000001 0.45182099999999997
38.064 0.592588
38.103999999999999 0.71549200000000002
38.143999999999998 0.81465500000000002
38.195 0.90365700000000004
38.234999999999999 0.94668200000000002
38.284999999999997 0.97555499999999995
38.325000000000003 0.98567000000000005
38.375 0.98916199999999999
38.414999999999999 0.98664200000000002
38.454999999999998 0.97803300000000004
38.505000000000003 0.95162400000000003
38.545000000000002 0.90678999999999998
38.585000000000001 0.82206500000000005
38.625 0.67435299999999998
38.674999999999997 0.44271199999999999
38.715000000000003 0.271204
38.755000000000003 0.114236
38.805 -0.070004800000000006
38.844999999999999 -0.21238299999999999
38.896000000000001 -0.38956299999999999
38.936 -0.52317999999999998
38.985999999999997 -0.67667100000000002
39.026000000000003 -0.78194300000000005
39.066000000000003 -0.86658800000000002
39.106000000000002 -0.92852000000000001
39.146000000000001 -0.96865699999999999
39.195999999999998 -0.99364799999999998
39.235999999999997 -0.99973599999999996
39.286000000000001 -0.99875199999999997
39.326000000000001 -0.99639299999999997
39.375999999999998 -0.99566399999999999
39.415999999999997 -0.99745700000000004
39.456000000000003 -0.99992599999999998
39.506 -0.99933399999999994
