0.0 0.0
0.050000000000000003 -0.012249400000000001
0.089999999999999997 -0.039664999999999999
0.14000000000000001 -0.095689099999999999
0.17999999999999999 -0.157194
0.22 -0.23207
0.27000000000000002 -0.340723
0.32000000000000001 -0.45959899999999998
0.35999999999999999 -0.55637300000000001
0.40000000000000002 -0.64966699999999999
0.45000000000000001 -0.75488500000000003
0.48999999999999999 -0.82571700000000003
0.53000000000000003 -0.88234299999999999
0.57999999999999996 -0.93264100000000005
0.63100000000000001 -0.96351399999999998
0.67100000000000004 -0.97744900000000001
0.71099999999999997 -0.98653199999999996
0.751 -0.99373699999999998
0.79100000000000004 -0.99904300000000001
0.84099999999999997 -0.99707900000000005
0.88100000000000001 -0.98140799999999995
0.93100000000000005 -0.93496500000000005
0.97099999999999997 -0.87208699999999995
1.0109999999999999 -0.78572399999999998
1.0509999999999999 -0.67877299999999996
1.091 -0.55766700000000002
1.141 -0.40049699999999999
1.181 -0.28141300000000002
1.2210000000000001 -0.17534
1.2609999999999999 -0.085501999999999995
1.3109999999999999 0.0025163300000000002
1.3520000000000001 0.054816700000000003
1.3919999999999999 0.089259900000000003
1.4419999999999999 0.11018699999999999
1.482 0.109649
1.522 0.093771300000000002
1.5620000000000001 0.062273500000000002
1.6020000000000001 0.0147382
1.6519999999999999 -0.067512799999999998
1.6919999999999999 -0.15073800000000001
1.742 -0.272675
1.782 -0.37944800000000001
1.8220000000000001 -0.48881599999999997
1.8620000000000001 -0.59558800000000001
1.9019999999999999 -0.69503800000000004
1.952 -0.80285899999999999
1.992 -0.872085
2.0430000000000001 -0.93567199999999995
2.0830000000000002 -0.96687000000000001
2.1230000000000002 -0.98458800000000002
2.1629999999999998 -0.99293699999999996
2.2029999999999998 -0.99604599999999999
2.2530000000000001 -0.99740399999999996
2.2930000000000001 -0.99888299999999997
2.343 -0.999525
2.383 -0.99316300000000002
2.423 -0.97393799999999997
2.4630000000000001 -0.93659300000000001
2.5030000000000001 -0.878027
2.5529999999999999 -0.77416300000000005
2.593 -0.668709
2.6429999999999998 -0.51571100000000003
2.6829999999999998 -0.38481700000000002
2.7240000000000002 -0.25320500000000001
2.7639999999999998 -0.13601099999999999
2.8039999999999998 -0.035035900000000002
2.8540000000000001 0.066094
2.8940000000000001 0.12745999999999999
2.944 0.181503
2.984 0.20783499999999999
3.024 0.219886
3.0640000000000001 0.21793299999999999
3.1040000000000001 0.201852
3.1539999999999999 0.161078
3.194 0.110862
3.234 0.043820100000000001
3.274 -0.0411621
3.3239999999999998 -0.17372499999999999
3.3639999999999999 -0.30022599999999999
3.415 -0.48136899999999999
3.4550000000000001 -0.62658100000000005
3.4950000000000001 -0.75823399999999996
3.5449999999999999 -0.88553999999999999
3.585 -0.95214500000000002
3.6349999999999998 -0.99363400000000002
3.6749999999999998 -0.99961999999999995
3.7149999999999999 -0.98978600000000005
3.7549999999999999 -0.97328800000000004
3.8050000000000002 -0.95581400000000005
3.8450000000000002 -0.94882900000000003
3.8849999999999998 -0.94414500000000001
3.9350000000000001 -0.93116100000000002
3.9750000000000001 -0.91009799999999996
4.0149999999999997 -0.87748400000000004
4.0549999999999997 -0.83267999999999998
4.1059999999999999 -0.75902700000000001
4.1459999999999999 -0.69086199999999998
4.1859999999999999 -0.61688100000000001
4.2359999999999998 -0.52158700000000002
4.2759999999999998 -0.44734600000000002
4.3159999999999998 -0.37831100000000001
4.3559999999999999 -0.31717299999999998
4.4059999999999997 -0.25514100000000001
4.4459999999999997 -0.218996
4.4859999999999998 -0.19603499999999999
4.5359999999999996 -0.186808
4.5860000000000003 -0.199517
4.6360000000000001 -0.233575
4.6760000000000002 -0.275146
4.726 -0.342777
4.766 -0.40704099999999999
4.8070000000000004 -0.47943400000000003
4.8470000000000004 -0.55334000000000005
4.8970000000000002 -0.64510900000000004
4.9370000000000003 -0.71384899999999996
4.9870000000000001 -0.78888599999999998
5.0469999999999997 -0.85763900000000004
5.0869999999999997 -0.88957799999999998
5.1269999999999998 -0.91176299999999999
5.1769999999999996 -0.93115199999999998
5.2169999999999996 -0.94631399999999999
5.2569999999999997 -0.96469499999999997
5.3070000000000004 -0.98814199999999996
5.3470000000000004 -0.998722
5.3869999999999996 -0.992815
5.4370000000000003 -0.95089400000000002
5.4770000000000003 -0.88406200000000001
5.5179999999999998 -0.78465700000000005
5.5679999999999996 -0.63139699999999999
5.6079999999999997 -0.49832500000000002
5.6479999999999997 -0.369392
5.6879999999999997 -0.25286599999999998
5.7380000000000004 -0.130832
5.7779999999999996 -0.053845999999999998
5.8280000000000003 0.0165369
5.8680000000000003 0.0528058
5.9080000000000004 0.071911500000000003
5.9480000000000004 0.0742757
5.9880000000000004 0.060065100000000003
6.0380000000000003 0.018965200000000002
6.0780000000000003 -0.032430800000000003
6.1180000000000003 -0.099386000000000002
6.1580000000000004 -0.179838
6.2089999999999996 -0.29688999999999999
6.2489999999999997 -0.39549099999999998
6.2889999999999997 -0.496195
6.3390000000000004 -0.61991300000000005
6.3789999999999996 -0.71296899999999996
6.4189999999999996 -0.79685600000000001
6.4589999999999996 -0.86803900000000001
6.5090000000000003 -0.93497300000000005
6.5490000000000004 -0.96967099999999995
6.5890000000000004 -0.989232
6.6390000000000002 -0.99852799999999997
6.6790000000000003 -0.99994099999999997
6.7190000000000003 -0.99989799999999995
6.7690000000000001 -0.99790199999999996
6.8090000000000002 -0.99625900000000001
6.8490000000000002 -0.99763900000000005
6.8899999999999997 -0.99979700000000005
6.9400000000000004 -0.99389499999999997
6.9800000000000004 -0.97445099999999996
7.0199999999999996 -0.93694500000000003
7.0700000000000003 -0.86233000000000004
7.1100000000000003 -0.78166000000000002
7.1500000000000004 -0.68507499999999999
7.1900000000000004 -0.57572900000000005
7.2400000000000002 -0.42652099999999998
7.2800000000000002 -0.302811
7.3200000000000003 -0.18245500000000001
7.3600000000000003 -0.073155300000000006
7.4100000000000001 0.039741499999999999
7.4500000000000002 0.108989
7.5 0.170099
7.54 0.199877
7.5810000000000004 0.213591
7.6310000000000002 0.207565
7.6710000000000003 0.18434900000000001
7.7110000000000003 0.14399799999999999
7.7610000000000001 0.068024299999999996
7.8010000000000002 -0.014260200000000001
7.8410000000000002 -0.116185
7.8810000000000002 -0.23741999999999999
7.931 -0.41345599999999999
7.9710000000000001 -0.56843600000000005
8.0109999999999992 -0.72451900000000002
8.0609999999999999 -0.88783900000000004
8.1010000000000009 -0.96763600000000005
8.141 -0.99885199999999996
8.1809999999999992 -0.99022500000000002
8.2309999999999999 -0.94069700000000001
8.2720000000000002 -0.88392800000000005
8.3119999999999994 -0.82905099999999998
8.3620000000000001 -0.77955700000000006
8.4019999999999992 -0.76546000000000003
8.4420000000000002 -0.77428399999999997
8.4819999999999993 -0.79222800000000004
8.532 -0.80337700000000001
8.5719999999999992 -0.79822099999999996
8.6219999999999999 -0.77713600000000005
8.6620000000000008 -0.75145700000000004
8.702 -0.72045199999999998
8.7520000000000007 -0.67783000000000004
8.7919999999999998 -0.64359599999999995
8.8320000000000007 -0.61179399999999995
8.8719999999999999 -0.58456600000000003
8.9220000000000006 -0.55974500000000005
8.9619999999999997 -0.54903800000000003
9.0030000000000001 -0.54774699999999998
9.0530000000000008 -0.560562
9.093 -0.58267100000000005
9.1329999999999991 -0.61533599999999999
9.173 -0.65809799999999996
9.2230000000000008 -0.723997
9.2629999999999999 -0.78401900000000002
9.3030000000000008 -0.84662800000000005
9.3529999999999998 -0.92022400000000004
9.3930000000000007 -0.96679099999999996
9.4329999999999998 -0.99405699999999997
9.4830000000000005 -0.99100299999999997
9.5229999999999997 -0.95471399999999995
9.5730000000000004 -0.86955000000000005
9.6129999999999995 -0.77794799999999997
9.6639999999999997 -0.64998100000000003
9.7040000000000006 -0.55715300000000001
9.7439999999999998 -0.48405199999999998
9.7940000000000005 -0.43281799999999998
9.8439999999999994 -0.43302099999999999
9.8840000000000003 -0.47128700000000001
9.9239999999999995 -0.54333699999999996
9.9640000000000004 -0.64950200000000002
10.013999999999999 -0.82129099999999999
10.054 -0.93104799999999999
10.093999999999999 -0.98168900000000003
10.144 -0.99812999999999996
10.183999999999999 -0.99237299999999995
10.234 -0.97208000000000006
10.273999999999999 -0.94893799999999995
10.314 -0.92131300000000005
10.365 -0.88126300000000002
10.404999999999999 -0.84765500000000005
10.445 -0.81415499999999996
10.494999999999999 -0.77590099999999995
10.535 -0.75070199999999998
10.585000000000001 -0.72812500000000002
10.625 -0.71780200000000005
10.664999999999999 -0.71422799999999997
10.705 -0.71684700000000001
10.755000000000001 -0.72751399999999999
10.795 -0.74060700000000002
10.845000000000001 -0.76050399999999996
10.885 -0.77743700000000004
10.935 -0.79727300000000001
10.975 -0.81004799999999999
11.015000000000001 -0.81813000000000002
11.055999999999999 -0.81928100000000004
11.106 -0.80611500000000003
11.146000000000001 -0.77831600000000001
11.186 -0.73147600000000002
11.236000000000001 -0.67000800000000005
11.276 -0.65080300000000002
11.316000000000001 -0.66712800000000005
11.366 -0.729051
11.406000000000001 -0.79972200000000004
11.456 -0.89356899999999995
11.496 -0.95638699999999999
11.545999999999999 -0.99897599999999998
11.586 -0.99078699999999997
11.635999999999999 -0.90910800000000003
11.676 -0.77862200000000004
11.715999999999999 -0.61107500000000003
11.766999999999999 -0.39324700000000001
11.807 -0.23643900000000001
11.847 -0.096370200000000003
11.887 0.025689500000000001
11.936999999999999 0.152561
11.977 0.23399300000000001
12.016999999999999 0.29852099999999998
12.067 0.35707499999999998
12.106999999999999 0.38756200000000002
12.157 0.406698
12.196999999999999 0.40751700000000002
12.247 0.39069599999999999
12.287000000000001 0.36264800000000003
12.327 0.320938
12.367000000000001 0.2646
12.417 0.17177000000000001
12.458 0.075357800000000003
12.497999999999999 -0.037808700000000001
12.548 -0.20741299999999999
12.587999999999999 -0.36534800000000001
12.638 -0.58093600000000001
12.678000000000001 -0.74331100000000006
12.718 -0.86951100000000003
12.768000000000001 -0.96538900000000005
12.808 -0.997255
12.848000000000001 -0.99595800000000001
12.898 -0.960117
12.938000000000001 -0.91713800000000001
12.978 -0.87498500000000001
13.018000000000001 -0.84579199999999999
13.068 -0.84104299999999999
13.108000000000001 -0.86223300000000003
13.159000000000001 -0.89192099999999996
13.199 -0.90018799999999999
13.249000000000001 -0.89232599999999995
13.289 -0.874143
13.329000000000001 -0.846862
13.369 -0.81183899999999998
13.419 -0.76002800000000004
13.459 -0.71510700000000005
13.499000000000001 -0.67006699999999997
13.548999999999999 -0.61775899999999995
13.589 -0.58209299999999997
13.638999999999999 -0.54852900000000004
13.679 -0.53233699999999995
13.718999999999999 -0.52677799999999997
13.769 -0.53577200000000003
13.808999999999999 -0.55605899999999997
13.859999999999999 -0.59856500000000001
13.9 -0.64412400000000003
13.94 -0.69892600000000005
13.98 -0.76058499999999996
14.029999999999999 -0.84159200000000001
14.07 -0.90305999999999997
14.109999999999999 -0.95431200000000005
14.16 -0.99317999999999995
14.199999999999999 -0.99720699999999995
14.25 -0.96541200000000005
14.289999999999999 -0.91513100000000003
14.34 -0.83660000000000001
14.380000000000001 -0.77648899999999998
14.42 -0.73177199999999998
14.460000000000001 -0.71107799999999999
14.51 -0.72598399999999996
14.561 -0.79039000000000004
14.601000000000001 -0.87224500000000005
14.641 -0.95470600000000005
14.680999999999999 -0.99283500000000002
14.731 -0.99664200000000003
14.771000000000001 -0.98965199999999998
14.811 -0.98274700000000004
14.861000000000001 -0.97902500000000003
14.901 -0.98087400000000002
14.951000000000001 -0.98751699999999998
14.991 -0.99352799999999997
15.031000000000001 -0.99727200000000005
15.081 -0.99582400000000004
15.121 -0.989402
15.161 -0.97999899999999995
15.201000000000001 -0.97048800000000002
15.252000000000001 -0.96298300000000003
15.292 -0.96333500000000005
15.342000000000001 -0.97232399999999997
15.382 -0.984537
15.422000000000001 -0.996641
15.472 -0.99518399999999996
15.512 -0.95031600000000005
15.561999999999999 -0.84659799999999996
15.602 -0.77756099999999995
15.651999999999999 -0.728931
15.692 -0.72179199999999999
15.742000000000001 -0.75034699999999999
15.782 -0.79740800000000001
15.821999999999999 -0.85666900000000001
15.862 -0.91661800000000004
15.901999999999999 -0.96554300000000004
15.952999999999999 -0.99786900000000001
15.993 -0.99440200000000001
16.042999999999999 -0.95575399999999999
16.082999999999998 -0.90297300000000003
16.123000000000001 -0.83775299999999997
16.172999999999998 -0.74900900000000004
16.213000000000001 -0.67944099999999996
16.263000000000002 -0.60170000000000001
16.303000000000001 -0.55067999999999995
16.343 -0.51178000000000001
16.382999999999999 -0.486207
16.433 -0.47398800000000002
16.472999999999999 -0.48034500000000002
16.513000000000002 -0.500996
16.562999999999999 -0.54624899999999998
16.603000000000002 -0.59681499999999998
16.654 -0.67661700000000002
16.693999999999999 -0.74730099999999999
16.744 -0.83777199999999996
16.783999999999999 -0.90413500000000002
16.824000000000002 -0.95743599999999995
16.864000000000001 -0.99099700000000002
16.914000000000001 -0.99810900000000002
16.954000000000001 -0.97421899999999995
16.994 -0.92641600000000002
17.044 -0.84111499999999995
17.084 -0.76076299999999997
17.123999999999999 -0.67716699999999996
17.173999999999999 -0.57710399999999995
17.213999999999999 -0.50600500000000004
17.263999999999999 -0.43312099999999998
17.303999999999998 -0.38970199999999999
17.344999999999999 -0.36000100000000002
17.385000000000002 -0.34593099999999999
17.434999999999999 -0.34929399999999999
17.475000000000001 -0.36864799999999998
17.515000000000001 -0.402389
17.565000000000001 -0.46330100000000002
17.605 -0.524729
17.655000000000001 -0.61225499999999999
17.695 -0.68566800000000006
17.745000000000001 -0.77410800000000002
17.785 -0.83759600000000001
17.824999999999999 -0.89214099999999996
17.875 -0.94624600000000003
17.914999999999999 -0.97739299999999996
17.954999999999998 -0.99596899999999999
17.995000000000001 -0.99777800000000005
18.045999999999999 -0.95921100000000004
18.085999999999999 -0.86821800000000005
18.126000000000001 -0.72487100000000004
18.175999999999998 -0.55887799999999999
18.216000000000001 -0.45983000000000002
18.265999999999998 -0.378778
18.306000000000001 -0.34844399999999998
18.356000000000002 -0.35475400000000001
18.396000000000001 -0.39480100000000001
18.436 -0.46291900000000002
18.475999999999999 -0.55279
18.515999999999998 -0.65506500000000001
18.565999999999999 -0.78357299999999996
18.606000000000002 -0.87382000000000004
18.655999999999999 -0.95652199999999998
18.696000000000002 -0.991753
18.736999999999998 -0.99712999999999996
18.786999999999999 -0.964727
18.827000000000002 -0.91423299999999996
18.876999999999999 -0.831816
18.917000000000002 -0.75926300000000002
18.957000000000001 -0.68772999999999995
18.997 -0.62215500000000001
19.047000000000001 -0.55381899999999995
19.087 -0.51274399999999998
19.126999999999999 -0.485151
19.177 -0.470609
19.216999999999999 -0.47523300000000002
19.266999999999999 -0.50118399999999996
19.306999999999999 -0.53751000000000004
19.347000000000001 -0.58662000000000003
19.387 -0.646783
19.437999999999999 -0.73503300000000005
19.488 -0.82607799999999998
19.527999999999999 -0.89432
19.577999999999999 -0.96218599999999999
19.617999999999999 -0.99381799999999998
19.667999999999999 -0.99587199999999998
19.707999999999998 -0.964476
19.757999999999999 -0.88646499999999995
19.797999999999998 -0.80003400000000002
19.838000000000001 -0.70213300000000001
19.888000000000002 -0.580951
19.928000000000001 -0.49893999999999999
19.968 -0.44038500000000003
20.018000000000001 -0.40865299999999999
20.058 -0.41899700000000001
20.099 -0.46255499999999999
20.149000000000001 -0.56006900000000004
20.189 -0.67308599999999996
20.228999999999999 -0.81152299999999999
20.279 -0.94821900000000003
20.318999999999999 -0.99129800000000001
20.369 -0.99855899999999997
20.408999999999999 -0.98484899999999997
20.449000000000002 -0.96047899999999997
20.489000000000001 -0.92820800000000003
20.539000000000001 -0.87883
20.579000000000001 -0.83333000000000002
20.619 -0.78411699999999995
20.669 -0.72120399999999996
20.709 -0.67371400000000004
20.759 -0.62318099999999998
20.800000000000001 -0.59213800000000005
20.850000000000001 -0.56927300000000003
20.890000000000001 -0.56348900000000002
20.93 -0.56877999999999995
20.969999999999999 -0.58468799999999999
21.010000000000002 -0.61039600000000005
21.059999999999999 -0.65444100000000005
21.100000000000001 -0.69712799999999997
21.149999999999999 -0.75612299999999999
21.190000000000001 -0.80451300000000003
21.23 -0.85075999999999996
21.280000000000001 -0.90131700000000003
21.32 -0.93341300000000005
21.370000000000001 -0.96167599999999998
21.41 -0.97539799999999999
21.449999999999999 -0.98271200000000003
21.491 -0.98489499999999996
21.541 -0.97938499999999995
21.581 -0.96196099999999996
21.620999999999999 -0.922543
21.670999999999999 -0.86673100000000003
21.710999999999999 -0.848275
21.760999999999999 -0.86274399999999996
21.800999999999998 -0.89593900000000004
21.850999999999999 -0.94700700000000004
21.890999999999998 -0.98097800000000002
21.931000000000001 -0.99778999999999995
21.971 -0.99140799999999996
22.021000000000001 -0.94849300000000003
22.061 -0.88795500000000005
22.100999999999999 -0.80662400000000001
22.151 -0.67788499999999996
22.192 -0.54986900000000005
22.231999999999999 -0.40624399999999999
22.282 -0.21657100000000001
22.321999999999999 -0.080724099999999993
22.372 0.051938199999999997
22.411999999999999 0.128914
22.452000000000002 0.182642
22.501999999999999 0.219613
22.542000000000002 0.22580500000000001
22.582000000000001 0.211003
22.622 0.174514
22.672000000000001 0.097326599999999999
22.712 0.0102252
22.762 -0.12807499999999999
22.802 -0.25809700000000002
22.852 -0.43595
22.893000000000001 -0.58584700000000001
22.933 -0.72733700000000001
22.983000000000001 -0.88382799999999995
23.023 -0.97372199999999998
23.062999999999999 -0.99851900000000005
23.103000000000002 -0.94575200000000004
23.152999999999999 -0.81489999999999996
23.193000000000001 -0.684334
23.233000000000001 -0.54269299999999998
23.283000000000001 -0.36291800000000002
23.323 -0.22656299999999999
23.373000000000001 -0.076842400000000005
23.413 0.0202525
23.463000000000001 0.10889500000000001
23.503 0.15276400000000001
23.553000000000001 0.17436699999999999
23.594000000000001 0.16517299999999999
23.634 0.132823
23.673999999999999 0.076393900000000001
23.724 -0.0312243
23.763999999999999 -0.149367
23.803999999999998 -0.290995
23.853999999999999 -0.47220200000000001
23.893999999999998 -0.60106000000000004
23.934000000000001 -0.71232799999999996
23.984000000000002 -0.828287
24.024000000000001 -0.90228399999999997
24.074000000000002 -0.96788700000000005
24.114000000000001 -0.99509199999999998
24.154 -0.99729900000000005
24.204000000000001 -0.96635499999999996
24.244 -0.92174599999999995
24.285 -0.86958000000000002
24.335000000000001 -0.81667599999999996
24.375 -0.79660900000000001
24.414999999999999 -0.80502099999999999
24.465 -0.86036900000000005
24.504999999999999 -0.92409799999999997
24.555 -0.97262000000000004
24.594999999999999 -0.98594300000000001
24.635000000000002 -0.989981
24.684999999999999 -0.98865400000000003
24.725000000000001 -0.98318799999999995
24.774999999999999 -0.96906400000000004
24.815000000000001 -0.95027600000000001
24.855 -0.92395700000000003
24.895 -0.89026700000000003
24.934999999999999 -0.85029200000000005
24.986000000000001 -0.79308599999999996
25.026 -0.74603699999999995
25.076000000000001 -0.68827499999999997
25.116 -0.64560399999999996
25.166 -0.60036599999999996
25.206 -0.57360699999999998
25.256 -0.55620800000000004
25.295999999999999 -0.55795600000000001
25.335999999999999 -0.57514200000000004
25.385999999999999 -0.61830200000000002
25.425999999999998 -0.66870099999999999
25.466000000000001 -0.73102100000000003
25.506 -0.80256400000000006
25.556000000000001 -0.898567
25.596 -0.96852499999999997
25.635999999999999 -0.99816099999999996
25.687000000000001 -0.94521699999999997
25.727 -0.87568900000000005
25.777000000000001 -0.78670099999999998
25.817 -0.72136100000000003
25.856999999999999 -0.66478999999999999
25.907 -0.60993600000000003
25.946999999999999 -0.58080600000000004
25.986999999999998 -0.56572699999999998
26.036999999999999 -0.56616900000000003
26.077000000000002 -0.58032600000000001
26.117000000000001 -0.604684
26.167000000000002 -0.64642100000000002
26.207000000000001 -0.68650900000000004
26.257000000000001 -0.74184799999999995
26.297000000000001 -0.78779100000000002
26.337 -0.83279899999999996
26.388000000000002 -0.88523499999999999
26.428000000000001 -0.91998800000000003
26.468 -0.94764599999999999
26.518000000000001 -0.97170599999999996
26.558 -0.983321
26.597999999999999 -0.98956
26.638000000000002 -0.99163500000000004
26.687999999999999 -0.98824199999999995
26.728000000000002 -0.97655899999999995
26.777999999999999 -0.93352800000000002
26.818000000000001 -0.87314099999999994
26.867999999999999 -0.81681000000000004
26.908000000000001 -0.80635400000000002
26.948 -0.82407699999999995
26.998000000000001 -0.874116
27.038 -0.92319899999999999
27.079000000000001 -0.96791099999999997
27.119 -0.99517800000000001
27.169 -0.99684899999999999
27.209 -0.97042799999999996
27.259 -0.90581
27.298999999999999 -0.832341
27.338999999999999 -0.74173699999999998
27.388999999999999 -0.604769
27.428999999999998 -0.47509699999999999
27.478999999999999 -0.29341899999999999
27.518999999999998 -0.15273900000000001
27.568999999999999 -0.010984300000000001
27.609000000000002 0.070968900000000001
27.649000000000001 0.12725800000000001
27.689 0.15987100000000001
27.739000000000001 0.168709
27.780000000000001 0.14947299999999999
27.82 0.107171
27.870000000000001 0.0211066
27.91 -0.073523199999999997
27.960000000000001 -0.22001100000000001
28.0 -0.35406799999999999
28.039999999999999 -0.49608000000000002
28.09 -0.67322300000000002
28.129999999999999 -0.80465399999999998
28.18 -0.93864599999999998
28.219999999999999 -0.99620399999999998
28.260000000000002 -0.97771799999999998
28.300000000000001 -0.893733
28.350000000000001 -0.74274499999999999
28.390000000000001 -0.60453500000000004
28.43 -0.46080199999999999
28.481000000000002 -0.28166200000000002
28.521000000000001 -0.153058
28.571000000000002 -0.016320000000000001
28.611000000000001 0.069474300000000003
28.651 0.132521
28.701000000000001 0.17916399999999999
28.741 0.191415
28.780999999999999 0.18198400000000001
28.821000000000002 0.15090400000000001
28.870999999999999 0.080327700000000002
28.911000000000001 -0.00380854
28.960999999999999 -0.14709900000000001
29.001000000000001 -0.28877000000000003
29.041 -0.437442
29.091000000000001 -0.60584899999999997
29.131 -0.71992500000000004
29.172000000000001 -0.81819900000000001
29.222000000000001 -0.91210500000000005
29.262 -0.96453100000000003
29.302 -0.99410600000000005
29.341999999999999 -0.99931800000000004
29.391999999999999 -0.974024
29.431999999999999 -0.93577500000000002
29.481999999999999 -0.88236700000000001
29.521999999999998 -0.84954300000000005
29.571999999999999 -0.83757400000000004
29.611999999999998 -0.85909500000000005
29.652000000000001 -0.90655200000000002
29.692 -0.95429799999999998
29.742000000000001 -0.981985
29.782 -0.98821000000000003
29.832999999999998 -0.98755000000000004
29.873000000000001 -0.981908
29.913 -0.97073500000000001
29.963000000000001 -0.94684999999999997
30.003 -0.91887399999999997
30.042999999999999 -0.883405
30.093 -0.83093399999999995
30.132999999999999 -0.78533799999999998
30.172999999999998 -0.73945700000000003
30.222999999999999 -0.68568700000000005
30.263000000000002 -0.648289
30.312999999999999 -0.611487
30.353000000000002 -0.59159099999999998
30.393000000000001 -0.58116100000000004
30.433 -0.58074199999999998
30.483000000000001 -0.59454300000000004
30.523 -0.61665499999999995
30.574000000000002 -0.65748600000000001
30.614000000000001 -0.69744899999999999
30.654 -0.74228000000000005
30.693999999999999 -0.79005099999999995
30.744 -0.85119
30.783999999999999 -0.89899899999999999
30.824000000000002 -0.94312399999999996
30.873999999999999 -0.98600399999999999
30.914000000000001 -0.99749699999999997
30.963999999999999 -0.93928199999999995
31.004000000000001 -0.83185399999999998
31.044 -0.72347300000000003
31.094000000000001 -0.61258000000000001
31.134 -0.54777100000000001
31.173999999999999 -0.50631300000000001
31.225000000000001 -0.48968
31.265000000000001 -0.50553099999999995
31.305 -0.54492499999999999
31.355 -0.62035499999999999
31.395 -0.693577
31.445 -0.78910100000000005
31.484999999999999 -0.86040399999999995
31.524999999999999 -0.92091999999999996
31.574999999999999 -0.97471399999999997
31.614999999999998 -0.99690100000000004
31.664999999999999 -0.99787300000000001
31.704999999999998 -0.98034100000000002
31.745000000000001 -0.95248500000000003
31.795000000000002 -0.91481100000000004
31.835000000000001 -0.89186699999999997
31.875 -0.88189600000000001
31.916 -0.88854299999999997
31.966000000000001 -0.92009399999999997
32.006 -0.95943199999999995
32.045999999999999 -0.99651999999999996
32.095999999999997 -0.99238999999999999
32.136000000000003 -0.95900099999999999
32.186 -0.92166999999999999
32.225999999999999 -0.90541400000000005
32.276000000000003 -0.90531799999999996
32.316000000000003 -0.91976100000000005
32.356000000000002 -0.94265299999999996
32.405999999999999 -0.97340899999999997
32.445999999999998 -0.99116300000000002
32.485999999999997 -0.99640200000000001
32.526000000000003 -0.98558299999999999
32.576000000000001 -0.948241
32.616999999999997 -0.89999200000000001
32.667000000000002 -0.82615899999999998
32.707000000000001 -0.76237900000000003
32.747 -0.70221699999999998
32.796999999999997 -0.64358000000000004
32.837000000000003 -0.61747399999999997
32.877000000000002 -0.61386300000000005
32.927 -0.64236700000000002
32.966999999999999 -0.69045199999999995
33.006999999999998 -0.75880099999999995
33.046999999999997 -0.84389000000000003
33.097000000000001 -0.95539099999999999
33.137 -0.997054
33.186999999999998 -0.97749900000000001
33.226999999999997 -0.94082399999999999
33.277000000000001 -0.89012500000000006
33.317999999999998 -0.85132799999999997
33.357999999999997 -0.81920000000000004
33.398000000000003 -0.79464500000000005
33.448 -0.77622800000000003
33.488 -0.77152200000000004
33.527999999999999 -0.77492700000000003
33.578000000000003 -0.78842599999999996
33.618000000000002 -0.80463499999999999
33.667999999999999 -0.82910799999999996
33.707999999999998 -0.85033899999999996
33.747999999999998 -0.87163199999999996
33.798000000000002 -0.89653700000000003
33.838000000000001 -0.91384699999999996
33.878 -0.92796100000000004
33.917999999999999 -0.93828
33.968000000000004 -0.94503400000000004
34.009 -0.94443100000000002
34.048999999999999 -0.93652199999999997
34.098999999999997 -0.90977799999999998
34.139000000000003 -0.864062
34.189 -0.77324400000000004
34.228999999999999 -0.71260199999999996
34.279000000000003 -0.68850999999999996
34.319000000000003 -0.70857800000000004
34.359000000000002 -0.75591799999999998
34.399000000000001 -0.82026200000000005
34.448999999999998 -0.90525500000000003
34.488999999999997 -0.96128400000000003
34.529000000000003 -0.99560199999999999
34.579000000000001 -0.99888100000000002
34.619 -0.96620499999999998
34.668999999999997 -0.87709899999999996
34.710000000000001 -0.75788500000000003
34.75 -0.59797800000000001
34.799999999999997 -0.371394
34.840000000000003 -0.20785300000000001
34.880000000000003 -0.070400400000000002
34.93 0.0674313
34.969999999999999 0.153451
35.009999999999998 0.21978600000000001
35.049999999999997 0.26746900000000001
35.100000000000001 0.30151699999999998
35.140000000000001 0.308201
35.189999999999998 0.28993600000000003
35.229999999999997 0.25298500000000002
35.280000000000001 0.177621
35.32 0.093881699999999998
35.359999999999999 -0.0094205899999999995
35.411000000000001 -0.16464699999999999
35.451000000000001 -0.29879899999999998
35.500999999999998 -0.47175
35.540999999999997 -0.60674499999999998
35.581000000000003 -0.73271299999999995
35.621000000000002 -0.844495
35.670999999999999 -0.95369199999999998
35.710999999999999 -0.99772300000000003
35.750999999999998 -0.96903300000000003
35.801000000000002 -0.84206700000000001
35.841000000000001 -0.713889
35.890999999999998 -0.54448700000000005
35.930999999999997 -0.40784300000000001
35.970999999999997 -0.27390500000000001
36.021000000000001 -0.115206
36.061 0.00092661499999999999
36.101999999999997 0.106831
36.142000000000003 0.19525300000000001
36.192 0.28329900000000002
36.231999999999999 0.335289
36.281999999999996 0.37748199999999998
36.322000000000003 0.39346300000000001
36.372 0.391766
36.411999999999999 0.37324499999999999
36.451999999999998 0.33940999999999999
36.491999999999997 0.29008099999999998
36.542000000000002 0.20637900000000001
36.582000000000001 0.12178700000000001
36.622 0.021827800000000001
36.671999999999997 -0.123789
36.712000000000003 -0.25575100000000001
36.752000000000002 -0.40032600000000002
36.802999999999997 -0.60057499999999997
36.843000000000004 -0.76426099999999997
36.893000000000001 -0.93515199999999998
36.933 -0.99497000000000002
36.972999999999999 -0.99207400000000001
37.012999999999998 -0.94660100000000003
37.063000000000002 -0.84569700000000003
37.103000000000002 -0.73835300000000004
37.143000000000001 -0.61580400000000002
37.192999999999998 -0.45643699999999998
37.232999999999997 -0.337364
37.283000000000001 -0.215034
37.323 -0.14655799999999999
37.372999999999998 -0.10349899999999999
37.412999999999997 -0.104959
37.453000000000003 -0.13966999999999999
37.494 -0.21212700000000001
37.543999999999997 -0.35497600000000001
37.584000000000003 -0.49961100000000003
37.624000000000002 -0.63261500000000004
37.673999999999999 -0.75775400000000004
37.713999999999999 -0.83254300000000003
37.753999999999998 -0.89168599999999998
37.804000000000002 -0.94792500000000002
37.844000000000001 -0.97909000000000002
37.893999999999998 -0.99762499999999998
37.933999999999997 -0.99174600000000002
37.973999999999997 -0.96297900000000003
38.024000000000001 -0.89057299999999995
38.064 -0.80405599999999999
38.103999999999999 -0.69721999999999995
38.143999999999998 -0.578546
38.195 -0.42676999999999998
38.234999999999999 -0.32048100000000002
38.284999999999997 -0.217641
38.325000000000003 -0.16606199999999999
38.375 -0.14383199999999999
38.414999999999999 -0.16014900000000001
38.454999999999998 -0.20627799999999999
38.505000000000003 -0.30587300000000001
38.545000000000002 -0.420711
38.585000000000001 -0.56897799999999998
38.625 -0.73811899999999997
38.674999999999997 -0.89723799999999998
38.715000000000003 -0.96297999999999995
38.755000000000003 -0.99379799999999996
38.805 -0.99773900000000004
38.844999999999999 -0.97726199999999996
38.896000000000001 -0.92092099999999999
38.936 -0.85202100000000003
38.985999999999997 -0.73592000000000002
39.026000000000003 -0.62284600000000001
39.066000000000003 -0.49837399999999998
39.106000000000002 -0.37048399999999998
39.146000000000001 -0.24746899999999999
39.195999999999998 -0.111638
39.235999999999997 -0.024012499999999999
39.286000000000001 0.053670000000000002
39.326000000000001 0.088511099999999995
39.375999999999998 0.097680699999999995
39.415999999999997 0.078181500000000001
39.456000000000003 0.0355585
39.506 -0.049675299999999999
