1 0 0 0
1 -0.0004805 0 0.031
0.999998 -0.0019845 0 0.063
0.99999 -0.00441797 0 0.094
0.999951 -0.00994011 0 0.141
0.999891 -0.0147907 0 0.172
0.999713 -0.023975 0 0.219
0.999512 -0.0312378 0 0.25
0.999028 -0.0440702 0 0.297
0.998556 -0.0537299 0 0.328
0.997535 -0.0701741 0 0.375
0.996616 -0.0821954 0 0.406
0.995423 -0.0955718 0 0.438
0.993192 -0.116493 0 0.484
0.991223 -0.132199 0 0.516
0.98761 -0.156926 0 0.563
0.984696 -0.17428 0 0.594
0.979366 -0.202095 0 0.641
0.975187 -0.221382 0 0.672
0.967741 -0.251947 0 0.719
0.962039 -0.272912 0 0.75
0.952098 -0.305793 0 0.797
0.944636 -0.32812 0 0.828
0.93187 -0.362791 0 0.875
0.922454 -0.386108 0 0.906
0.906609 -0.421973 0 0.953
0.895099 -0.445866 0 0.984
0.882323 -0.470644 0 1.016
0.861896 -0.507085 0 1.063
0.847342 -0.531047 0 1.094
0.823659 -0.567086 0 1.141
0.806993 -0.590561 0 1.172
0.789521 -0.613724 0 1.203
0.76156 -0.648095 0 1.25
0.731938 -0.681371 0 1.297
0.711566 -0.702619 0 1.328
0.690593 -0.723244 0 1.359
0.657779 -0.753211 0 1.406
0.63484 -0.772644 0 1.438
0.601202 -0.799097 0 1.484
0.577462 -0.816417 0 1.516
0.554301 -0.832317 0 1.547
0.51908 -0.854725 0 1.594
0.49592 -0.868368 0 1.625
0.461158 -0.887318 0 1.672
0.438608 -0.898679 0 1.703
0.40524 -0.91421 0 1.75
0.383912 -0.92337 0 1.781
0.362575 -0.931955 0 1.813
0.333286 -0.942826 0 1.859
0.313982 -0.949429 0 1.891
0.287357 -0.957824 0 1.938
0.270967 -0.962589 0 1.969
0.247895 -0.968787 0 2.016
0.2338 -0.972285 0 2.047
0.220511 -0.975385 0 2.078
0.201638 -0.97946 0 2.125
0.189795 -0.981824 0 2.156
0.172245 -0.985054 0 2.203
0.1606 -0.98702 0 2.234
0.142231 -0.989833 0 2.281
0.12888 -0.99166 0 2.313
0.115048 -0.99336 0 2.344
0.0920196 -0.995757 0 2.391
0.0752886 -0.997161 0 2.422
0.0473713 -0.998877 0 2.469
0.0272114 -0.999629 0 2.5
-0.00602484 -0.999981 0 2.547
-0.029679 -0.999559 0 2.578
-0.0546614 -0.998504 0 2.609
-0.0949326 -0.995483 0 2.656
-0.123883 -0.992296 0 2.688
-0.167443 -0.98588 0 2.734
-0.198942 -0.98001 0 2.766
-0.23026 -0.973128 0 2.797
-0.278983 -0.960294 0 2.844
-0.311757 -0.95016 0 2.875
-0.362087 -0.932142 0 2.922
-0.395514 -0.918458 0 2.953
-0.446209 -0.894926 0 3
-0.479463 -0.87756 0 3.031
-0.513476 -0.858101 0 3.063
-0.561531 -0.827453 0 3.109
-0.594185 -0.804325 0 3.141
-0.640677 -0.767807 0 3.188
-0.670214 -0.742165 0 3.219
-0.698726 -0.715386 0 3.25
-0.739775 -0.67285 0 3.297
-0.765282 -0.643691 0 3.328
-0.80138 -0.59815 0 3.375
-0.823407 -0.567446 0 3.406
-0.853997 -0.520272 0 3.453
-0.872294 -0.488975 0 3.484
-0.897192 -0.441635 0 3.531
-0.912216 -0.409703 0 3.563
-0.925327 -0.379161 0 3.594
-0.94262 -0.333859 0 3.641
-0.952415 -0.304794 0 3.672
-0.965014 -0.262188 0 3.719
-0.971955 -0.235153 0 3.75
-0.980616 -0.195926 0 3.797
-0.98522 -0.171277 0 3.828
-0.989038 -0.147639 0 3.859
-0.993503 -0.113777 0 3.906
-0.995746 -0.0921063 0 3.938
-0.998014 -0.0629392 0 3.984
-0.999027 -0.0440323 0 4.016
-0.999829 -0.0183148 0 4.063
-0.999994 -0.00268051 0 4.094
-0.999926 0.0119067 0 4.125
-0.999484 0.0320456 0 4.172
-0.999027 0.0440391 0 4.203
-0.998178 0.060294 0 4.25
-0.997561 0.0697582 0 4.281
-0.996611 0.0822268 0 4.328
-0.996009 0.0892241 0 4.359
-0.995433 0.0954348 0 4.391
-0.994708 0.102709 0 4.438
-0.99433 0.106313 0 4.469
-0.993931 0.109978 0 4.516
-0.993793 0.111214 0 4.547
-0.993784 0.111302 0 4.594
-0.993908 0.110182 0 4.625
-0.994134 0.108124 0 4.656
-0.994656 0.10321 0 4.703
-0.995106 0.0987798 0 4.734
-0.995916 0.0902472 0 4.781
-0.996531 0.0831764 0 4.813
-0.997458 0.0712054 0 4.859
-0.998097 0.0616103 0 4.891
-0.998956 0.0456145 0 4.938
-0.999611 0.0277495 0 4.984
-0.99997 0.00722517 0 5.031
-0.999964 -0.00806409 0 5.063
-0.999487 -0.0319016 0 5.109
-0.998757 -0.0497655 0 5.141
-0.996959 -0.0778733 0 5.188
-0.995222 -0.0975994 0 5.219
-0.99161 -0.129233 0 5.266
-0.988502 -0.151181 0 5.297
-0.982549 -0.185983 0 5.344
-0.977726 -0.209862 0 5.375
-0.968932 -0.247311 0 5.422
-0.962086 -0.272729 0 5.453
-0.954364 -0.29863 0 5.484
-0.940909 -0.338647 0 5.531
-0.930498 -0.366283 0 5.563
-0.913709 -0.406359 0 5.609
-0.900737 -0.434355 0 5.641
-0.879743 -0.475441 0 5.688
-0.864629 -0.502401 0 5.719
-0.83981 -0.542872 0 5.766
-0.8222 -0.569191 0 5.797
-0.79367 -0.608342 0 5.844
-0.773681 -0.633569 0 5.875
-0.752797 -0.658246 0 5.906
-0.719515 -0.694471 0 5.953
-0.696561 -0.717491 0 5.984
-0.660378 -0.750928 0 6.031
-0.634885 -0.772602 0 6.063
-0.609608 -0.792699 0 6.094
-0.570369 -0.821384 0 6.141
-0.544011 -0.839074 0 6.172
-0.503561 -0.863956 0 6.219
-0.47671 -0.879057 0 6.25
-0.436017 -0.899935 0 6.297
-0.409356 -0.912372 0 6.328
-0.369513 -0.929223 0 6.375
-0.343798 -0.939041 0 6.406
-0.317879 -0.948129 0 6.438
-0.282015 -0.959408 0 6.484
-0.258229 -0.966082 0 6.516
-0.225345 -0.974277 0 6.563
-0.20517 -0.978725 0 6.594
-0.177162 -0.98418 0 6.641
-0.160537 -0.987028 0 6.672
-0.145484 -0.989359 0 6.703
-0.125794 -0.992055 0 6.75
-0.114923 -0.993373 0 6.781
-0.101613 -0.994823 0 6.828
-0.094812 -0.995494 0 6.859
-0.0870913 -0.996199 0 6.906
-0.0832253 -0.99653 0 6.938
-0.0801473 -0.996782 0 6.969
-0.0758115 -0.997121 0 7.016
-0.0725369 -0.997365 0 7.047
-0.0659126 -0.997825 0 7.094
-0.0599616 -0.9982 0 7.125
-0.047928 -0.99885 0 7.172
-0.037787 -0.999285 0 7.203
-0.0258019 -0.999666 0 7.234
-0.00407208 -0.999991 0 7.281
0.0131433 -0.999912 0 7.313
0.0411914 -0.99915 0 7.359
0.0628808 -0.99802 0 7.391
0.0977321 -0.995211 0 7.438
0.122511 -0.992465 0 7.469
0.162495 -0.986707 0 7.516
0.190279 -0.981728 0 7.547
0.219034 -0.975715 0 7.578
0.264189 -0.964469 0 7.625
0.294801 -0.955556 0 7.656
0.342129 -0.93965 0 7.703
0.373753 -0.927525 0 7.734
0.421986 -0.906599 0 7.781
0.454828 -0.890576 0 7.813
0.4865 -0.873677 0 7.844
0.533988 -0.845488 0 7.891
0.564798 -0.825225 0 7.922
0.610468 -0.792036 0 7.969
0.63976 -0.76857 0 8
0.682678 -0.730713 0 8.047
0.709876 -0.704321 0 8.078
0.736096 -0.67687 0 8.109
0.773822 -0.633396 0 8.156
0.798002 -0.602647 0 8.188
0.830468 -0.557058 0 8.234
0.851376 -0.524547 0 8.266
0.870264 -0.492575 0 8.297
0.896263 -0.44351 0 8.344
0.911643 -0.410969 0 8.375
0.932272 -0.361742 0 8.422
0.944127 -0.329565 0 8.453
0.959529 -0.281589 0 8.5
0.968066 -0.250671 0 8.531
0.978716 -0.205187 0 8.578
0.98434 -0.176245 0 8.609
0.990953 -0.134162 0 8.656
0.99427 -0.106835 0 8.688
0.996672 -0.0814334 0 8.719
0.998981 -0.0449871 0 8.766
0.999744 -0.0223307 0 8.797
0.999944 0.00991408 0 8.844
0.999549 0.0297993 0 8.875
0.998316 0.0578759 0 8.922
0.997173 0.0750474 0 8.953
0.995828 0.0911663 0 8.984
0.993515 0.113634 0 9.031
0.991818 0.127601 0 9.063
0.989302 0.145831 0 9.109
0.98755 0.157255 0 9.141
0.985053 0.172205 0 9.188
0.983494 0.180895 0 9.219
0.981321 0.192332 0 9.266
0.980043 0.198746 0 9.297
0.978378 0.206783 0 9.344
0.977481 0.210983 0 9.375
0.976451 0.215699 0 9.422
0.976001 0.217725 0 9.453
0.975739 0.218894 0 9.484
0.975708 0.219032 0 9.531
0.97594 0.217997 0 9.563
0.976626 0.214901 0 9.609
0.977342 0.21162 0 9.641
0.978729 0.205109 0 9.688
0.979847 0.1997 0 9.719
0.981111 0.193394 0 9.75
0.983271 0.182096 0 9.797
0.984827 0.17348 0 9.828
0.98733 0.158617 0 9.875
0.989036 0.147603 0 9.906
0.99163 0.129029 0 9.953
0.993295 0.115515 0 9.984
0.994927 0.100491 0 10.016
0.997066 0.0764066 0 10.063
0.998237 0.0591802 0 10.094
0.999509 0.0309862 0 10.141
0.999929 0.0109968 0 10.172
0.999759 -0.0214592 0 10.219
0.999007 -0.0443018 0 10.25
0.997654 -0.0682961 0 10.281
0.994261 -0.106881 0 10.328
0.990999 -0.133786 0 10.359
0.984243 -0.176761 0 10.406
0.978224 -0.207497 0 10.438
0.967272 -0.253698 0 10.484
0.95787 -0.287166 0 10.516
0.947221 -0.320548 0 10.547
0.92792 -0.372752 0 10.594
0.912945 -0.408058 0 10.625
0.886595 -0.462525 0 10.672
0.866709 -0.498795 0 10.703
0.832669 -0.553754 0 10.75
0.807661 -0.589631 0 10.781
0.766002 -0.642825 0 10.828
0.736192 -0.67676 0 10.859
0.703635 -0.71055 0 10.891
0.652873 -0.757457 0 10.938
0.617725 -0.786385 0 10.969
0.562353 -0.826889 0 11.016
0.524714 -0.851271 0 11.047
0.466393 -0.884571 0 11.094
0.427341 -0.904084 0 11.125
0.367657 -0.929956 0 11.172
0.328205 -0.944602 0 11.203
0.288862 -0.957367 0 11.234
0.229753 -0.973246 0 11.281
0.190107 -0.98176 0 11.313
0.134321 -0.990935 0 11.359
0.0965649 -0.995324 0 11.391
0.0430201 -0.999073 0 11.438
0.00913698 -0.999957 0 11.469
-0.0397518 -0.999209 0 11.516
-0.070195 -0.997533 0 11.547
-0.0990841 -0.995079 0 11.578
-0.139713 -0.990192 0 11.625
-0.164298 -0.986411 0 11.656
-0.198043 -0.980194 0 11.703
-0.217895 -0.975973 0 11.734
-0.244258 -0.969711 0 11.781
-0.259615 -0.965713 0 11.813
-0.272508 -0.962154 0 11.844
-0.28846 -0.957493 0 11.891
-0.29676 -0.954953 0 11.922
-0.3064 -0.951904 0 11.969
-0.311169 -0.950356 0 12
-0.316774 -0.948502 0 12.047
-0.319922 -0.947445 0 12.078
-0.324802 -0.945783 0 12.125
-0.328585 -0.944475 0 12.156
-0.333305 -0.94282 0 12.188
-0.341972 -0.939711 0 12.234
-0.349504 -0.936935 0 12.266
-0.362949 -0.931809 0 12.313
-0.373371 -0.927682 0 12.344
-0.391433 -0.920207 0 12.391
-0.404742 -0.914431 0 12.422
-0.426828 -0.904332 0 12.469
-0.442515 -0.896761 0 12.5
-0.458975 -0.888449 0 12.531
-0.485174 -0.874416 0 12.578
-0.503123 -0.864213 0 12.609
-0.531084 -0.847318 0 12.656
-0.550481 -0.834845 0 12.688
-0.578637 -0.815583 0 12.734
-0.598272 -0.80129 0 12.766
-0.617231 -0.786779 0 12.797
-0.645677 -0.763607 0 12.844
-0.664137 -0.747607 0 12.875
-0.691499 -0.722372 0 12.922
-0.70905 -0.705153 0 12.953
-0.734778 -0.678301 0 13
-0.751106 -0.660175 0 13.031
-0.774799 -0.6322 0 13.078
-0.789686 -0.613503 0 13.109
-0.804409 -0.594066 0 13.141
-0.824816 -0.565391 0 13.188
-0.837468 -0.546474 0 13.219
-0.855418 -0.517926 0 13.266
-0.866445 -0.499258 0 13.297
-0.881949 -0.47133 0 13.344
-0.891387 -0.453226 0 13.375
-0.904536 -0.426379 0 13.422
-0.912467 -0.40913 0 13.453
-0.919829 -0.392297 0 13.484
-0.929953 -0.367653 0 13.531
-0.936164 -0.351538 0 13.563
-0.944179 -0.329403 0 13.609
-0.949157 -0.314771 0 13.641
-0.955642 -0.294497 0 13.688
-0.959416 -0.281958 0 13.719
-0.962818 -0.270111 0 13.75
-0.967318 -0.253523 0 13.797
-0.969885 -0.243517 0 13.828
-0.973223 -0.229813 0 13.875
-0.975088 -0.221766 0 13.906
-0.977451 -0.211106 0 13.953
-0.978727 -0.205109 0 13.984
-0.979826 -0.199794 0 14.016
-0.981065 -0.193617 0 14.063
-0.981652 -0.190615 0 14.094
-0.982213 -0.1877 0 14.141
-0.982373 -0.186863 0 14.172
-0.982301 -0.18724 0 14.219
-0.982046 -0.188575 0 14.25
-0.981621 -0.190769 0 14.281
-0.980645 -0.195728 0 14.328
-0.979769 -0.200067 0 14.359
-0.978063 -0.208243 0 14.406
-0.976623 -0.214898 0 14.438
-0.974118 -0.225978 0 14.484
-0.972049 -0.234717 0 14.516
-0.969768 -0.243972 0 14.547
-0.965744 -0.259443 0 14.594
-0.962687 -0.270566 0 14.625
-0.957385 -0.288766 0 14.672
-0.953415 -0.301613 0 14.703
-0.946623 -0.3223 0 14.75
-0.941598 -0.336696 0 14.781
-0.933099 -0.359579 0 14.828
-0.926882 -0.375316 0 14.859
-0.919928 -0.392051 0 14.891
-0.908687 -0.417443 0 14.938
-0.900581 -0.434656 0 14.969
-0.887204 -0.461346 0 15.016
-0.87765 -0.479272 0 15.047
-0.862039 -0.506814 0 15.094
-0.850995 -0.525147 0 15.125
-0.83936 -0.543551 0 15.156
-0.820602 -0.571476 0 15.203
-0.807511 -0.58983 0 15.234
-0.786613 -0.617424 0 15.281
-0.771698 -0.635969 0 15.313
-0.749352 -0.662152 0 15.359
-0.733233 -0.679958 0 15.391
-0.717218 -0.696831 0 15.422
-0.692293 -0.721599 0 15.469
-0.675509 -0.737335 0 15.5
-0.649692 -0.760182 0 15.547
-0.632516 -0.774531 0 15.578
-0.606434 -0.795119 0 15.625
-0.589313 -0.80789 0 15.656
-0.563679 -0.82598 0 15.703
-0.547102 -0.837053 0 15.734
-0.522672 -0.852521 0 15.781
-0.506643 -0.862144 0 15.813
-0.491666 -0.870771 0 15.844
-0.470137 -0.882582 0 15.891
-0.456786 -0.889565 0 15.922
-0.437912 -0.899006 0 15.969
-0.426374 -0.904536 0 16
-0.410187 -0.911991 0 16.047
-0.400273 -0.916385 0 16.078
-0.390838 -0.920449 0 16.109
-0.377099 -0.926163 0 16.156
-0.367837 -0.92988 0 16.188
-0.354095 -0.9352 0 16.234
-0.343876 -0.939005 0 16.266
-0.333187 -0.942851 0 16.297
-0.315029 -0.949073 0 16.344
-0.301504 -0.953456 0 16.375
-0.278294 -0.960486 0 16.422
-0.261056 -0.965314 0 16.453
-0.231828 -0.972748 0 16.5
-0.210462 -0.977593 0 16.531
-0.174887 -0.984579 0 16.578
-0.149349 -0.988775 0 16.609
-0.121302 -0.992606 0 16.641
-0.0771245 -0.997012 0 16.688
-0.0461432 -0.998926 0 16.719
0.00341182 -0.999985 0 16.766
0.0376606 -0.999281 0 16.797
0.0916817 -0.995779 0 16.844
0.12852 -0.991697 0 16.875
0.166169 -0.986088 0 16.906
0.224491 -0.974466 0 16.953
0.263564 -0.964632 0 16.984
0.323329 -0.946276 0 17.031
0.364134 -0.931336 0 17.063
0.422531 -0.906337 0 17.109
0.462707 -0.8865 0 17.141
0.501065 -0.865398 0 17.172
0.557754 -0.829994 0 17.219
0.593913 -0.804516 0 17.25
0.646419 -0.762968 0 17.297
0.679288 -0.733857 0 17.328
0.726088 -0.687586 0 17.375
0.754791 -0.655949 0 17.406
0.794824 -0.606822 0 17.453
0.818868 -0.573962 0 17.484
0.841708 -0.539912 0 17.516
0.87166 -0.490088 0 17.563
0.889146 -0.457599 0 17.594
0.912396 -0.40928 0 17.641
0.925707 -0.378211 0 17.672
0.943062 -0.332581 0 17.719
0.952794 -0.303578 0 17.75
0.961283 -0.27552 0 17.781
0.972007 -0.234898 0 17.828
0.977812 -0.209427 0 17.859
0.984929 -0.172887 0 17.906
0.988753 -0.149471 0 17.938
0.993011 -0.117917 0 17.984
0.995228 -0.0974414 0 18.016
0.99688 -0.0787617 0 18.047
0.998602 -0.052607 0 18.094
0.99931 -0.0367782 0 18.125
0.999875 -0.0149188 0 18.172
0.999984 -0.00189984 0 18.203
0.999862 0.0157409 0 18.25
0.999648 0.0260067 0 18.281
0.999204 0.0395191 0 18.328
0.998876 0.0470917 0 18.359
0.998537 0.0538022 0 18.391
0.998084 0.0616386 0 18.438
0.997837 0.0655021 0 18.469
0.997574 0.0693956 0 18.516
0.997484 0.0706747 0 18.547
0.997484 0.0706679 0 18.594
0.997574 0.0693826 0 18.625
0.997837 0.0654943 0 18.672
0.998081 0.0616504 0 18.703
0.998369 0.0567888 0 18.734
0.998855 0.0474755 0 18.781
0.999191 0.0397943 0 18.813
0.999622 0.0268517 0 18.859
0.999846 0.0165291 0 18.891
0.999982 -0.000581775 0 18.938
0.999896 -0.013125 0 18.969
0.999627 -0.0266535 0 19
0.99878 -0.0490048 0 19.047
0.997871 -0.0649278 0 19.078
0.995852 -0.090786 0 19.125
0.994031 -0.108922 0 19.156
0.99042 -0.137953 0 19.203
0.987413 -0.158044 0 19.234
0.981802 -0.189807 0 19.281
0.977197 -0.212247 0 19.313
0.969372 -0.24552 0 19.359
0.96304 -0.269288 0 19.391
0.956175 -0.292732 0 19.422
0.944332 -0.328938 0 19.469
0.935537 -0.353176 0 19.5
0.920656 -0.390329 0 19.547
0.90979 -0.415026 0 19.578
0.891678 -0.452631 0 19.625
0.864227 -0.503069 0 19.688
0.849357 -0.527786 0 19.719
0.825079 -0.564989 0 19.766
0.807915 -0.589272 0 19.797
0.789837 -0.613292 0 19.828
0.760694 -0.649087 0 19.875
0.729493 -0.683967 0 19.922
0.707814 -0.706379 0 19.953
0.67334 -0.739315 0 20
0.649589 -0.760268 0 20.031
0.61215 -0.790727 0 20.078
0.586584 -0.809874 0 20.109
0.559541 -0.828789 0 20.141
0.518776 -0.854898 0 20.188
0.491324 -0.870966 0 20.219
0.449077 -0.893483 0 20.266
0.420944 -0.907077 0 20.297
0.378166 -0.925729 0 20.344
0.350043 -0.936726 0 20.375
0.307865 -0.951423 0 20.422
0.280546 -0.959834 0 20.453
0.253785 -0.967255 0 20.484
0.214592 -0.976699 0 20.531
0.18908 -0.981957 0 20.563
0.154434 -0.987999 0 20.609
0.131961 -0.991251 0 20.641
0.101747 -0.994807 0 20.688
0.0838448 -0.996476 0 20.719
0.0677135 -0.997702 0 20.75
0.046933 -0.998896 0 20.797
0.0358423 -0.999355 0 20.828
0.0233042 -0.999727 0 20.875
0.0180136 -0.999836 0 20.906
0.0147133 -0.999891 0 20.953
0.0156923 -0.999876 0 20.984
0.0217972 -0.999761 0 21.031
0.0288104 -0.999584 0 21.063
0.0373394 -0.999302 0 21.094
0.0521465 -0.998638 0 21.141
0.0620437 -0.998072 0 21.172
0.0752782 -0.997162 0 21.219
0.0819047 -0.996639 0 21.25
0.0863388 -0.996265 0 21.281
0.0883492 -0.996088 0 21.328
0.0844162 -0.996429 0 21.375
0.078589 -0.996905 0 21.406
0.0699627 -0.997548 0 21.438
0.0531265 -0.998586 0 21.484
0.0384984 -0.999256 0 21.516
0.0129854 -0.999913 0 21.563
-0.00627896 -0.999977 0 21.594
-0.0388465 -0.999242 0 21.641
-0.0623448 -0.998051 0 21.672
-0.0872847 -0.996179 0 21.703
-0.127528 -0.99183 0 21.75
-0.155462 -0.987837 0 21.781
-0.199547 -0.979883 0 21.828
-0.229551 -0.973291 0 21.859
-0.276077 -0.961129 0 21.906
-0.308247 -0.951299 0 21.938
-0.354852 -0.934915 0 21.984
-0.387325 -0.921935 0 22.016
-0.418678 -0.908126 0 22.047
-0.465762 -0.8849 0 22.094
-0.496368 -0.868101 0 22.125
-0.541847 -0.840465 0 22.172
-0.571113 -0.820858 0 22.203
-0.614186 -0.789146 0 22.25
-0.641647 -0.766984 0 22.281
-0.669134 -0.743125 0 22.313
-0.70701 -0.707185 0 22.359
-0.732159 -0.681114 0 22.391
-0.76722 -0.641361 0 22.438
-0.789081 -0.614265 0 22.469
-0.820243 -0.571988 0 22.516
-0.839459 -0.543395 0 22.547
-0.866514 -0.499119 0 22.594
-0.882966 -0.469401 0 22.625
-0.898295 -0.439354 0 22.656
-0.91937 -0.393349 0 22.703
-0.931832 -0.362839 0 22.734
-0.948545 -0.316585 0 22.781
-0.958429 -0.285265 0 22.813
-0.970559 -0.240785 0 22.859
-0.977594 -0.210407 0 22.891
-0.985946 -0.166945 0 22.938
-0.990244 -0.139199 0 22.969
-0.993653 -0.112305 0 23
-0.997286 -0.0733447 0 23.047
-0.998781 -0.0489437 0 23.078
-0.999881 -0.0140391 0 23.125
-0.99995 0.00755848 0 23.156
-0.999568 0.0286434 0 23.188
-0.998365 0.0567888 0 23.234
-0.997172 0.0748672 0 23.266
-0.995044 0.0992116 0 23.313
-0.993476 0.113851 0 23.344
-0.990967 0.133937 0 23.391
-0.989289 0.145818 0 23.422
-0.9868 0.161802 0 23.469
-0.985243 0.171029 0 23.5
-0.983785 0.179225 0 23.531
-0.981816 0.189714 0 23.578
-0.980706 0.195368 0 23.609
-0.979352 0.202046 0 23.656
-0.978677 0.205293 0 23.688
-0.978078 0.208124 0 23.734
-0.97793 0.208817 0 23.766
-0.978119 0.207932 0 23.813
-0.978506 0.206101 0 23.844
-0.97948 0.201422 0 23.891
-0.980365 0.197068 0 23.922
-0.98143 0.191695 0 23.953
-0.983351 0.181581 0 24
-0.984793 0.173592 0 24.031
-0.987181 0.15945 0 24.078
-0.988848 0.148762 0 24.109
-0.990604 0.136577 0 24.141
-0.993163 0.116523 0 24.188
-0.994773 0.10187 0 24.219
-0.996971 0.0774565 0 24.266
-0.99818 0.0598848 0 24.297
-0.999495 0.0309877 0 24.344
-0.999921 0.010426 0 24.375
-0.99971 -0.0230425 0 24.422
-0.998887 -0.0466362 0 24.453
-0.997421 -0.0714376 0 24.484
-0.993759 -0.111335 0 24.531
-0.990118 -0.140068 0 24.563
-0.982984 -0.183565 0 24.609
-0.97652 -0.215318 0 24.641
-0.964471 -0.264106 0 24.688
-0.954659 -0.297629 0 24.719
-0.943198 -0.332167 0 24.75
-0.922338 -0.386331 0 24.797
-0.906046 -0.423132 0 24.828
-0.877077 -0.48031 0 24.875
-0.854905 -0.51875 0 24.906
-0.816216 -0.577717 0 24.953
-0.787136 -0.616753 0 24.984
-0.754007 -0.656844 0 25.016
-0.699508 -0.714605 0 25.063
-0.659818 -0.751409 0 25.094
-0.59438 -0.80417 0 25.141
-0.548173 -0.836352 0 25.172
-0.474503 -0.880244 0 25.219
-0.424177 -0.905571 0 25.25
-0.372986 -0.92783 0 25.281
-0.2946 -0.955616 0 25.328
-0.242884 -0.970051 0 25.359
-0.165156 -0.986265 0 25.406
-0.113045 -0.993588 0 25.438
-0.0397324 -0.99921 0 25.484
0.00992552 -0.999951 0 25.516
0.056825 -0.998385 0 25.547
0.125403 -0.992108 0 25.594
0.168811 -0.985651 0 25.625
0.231611 -0.972812 0 25.672
0.270917 -0.962607 0 25.703
0.327109 -0.944992 0 25.75
0.361829 -0.93225 0 25.781
0.410778 -0.911742 0 25.828
0.440564 -0.897728 0 25.859
0.469188 -0.883105 0 25.891
0.507269 -0.861795 0 25.938
0.529789 -0.848137 0 25.969
0.559987 -0.828509 0 26.016
0.577308 -0.816534 0 26.047
0.592576 -0.805523 0 26.078
0.611834 -0.790995 0 26.125
0.621992 -0.783033 0 26.156
0.633583 -0.773683 0 26.203
0.638754 -0.76942 0 26.234
0.64295 -0.765917 0 26.281
0.643405 -0.765534 0 26.313
0.64096 -0.767582 0 26.359
0.637401 -0.77054 0 26.391
0.632823 -0.774304 0 26.422
0.62454 -0.781 0 26.469
0.61875 -0.785595 0 26.5
0.61041 -0.792092 0 26.547
0.605635 -0.795749 0 26.578
0.601693 -0.798734 0 26.609
0.597585 -0.801811 0 26.656
0.596171 -0.802862 0 26.688
0.596113 -0.802905 0 26.734
0.597399 -0.801948 0 26.766
0.601121 -0.799161 0 26.813
0.604672 -0.796477 0 26.844
0.609011 -0.793164 0 26.875
0.616925 -0.787023 0 26.922
0.622917 -0.782289 0 26.953
0.632985 -0.774164 0 27
0.64017 -0.768232 0 27.031
0.651718 -0.75846 0 27.078
0.659673 -0.751551 0 27.109
0.672093 -0.740464 0 27.156
0.68071 -0.732549 0 27.188
0.689122 -0.724641 0 27.219
0.701886 -0.712284 0 27.266
0.71025 -0.703944 0 27.297
0.722745 -0.691107 0 27.344
0.730814 -0.682569 0 27.375
0.742705 -0.669609 0 27.422
0.750284 -0.661106 0 27.453
0.757624 -0.65268 0 27.484
0.768253 -0.640134 0 27.531
0.775119 -0.631802 0 27.563
0.784425 -0.62021 0 27.609
0.790488 -0.612462 0 27.641
0.798759 -0.601635 0 27.688
0.803789 -0.594897 0 27.719
0.810756 -0.585365 0 27.766
0.814909 -0.579569 0 27.797
0.818706 -0.574192 0 27.828
0.823778 -0.56689 0 27.875
0.826667 -0.562669 0 27.906
0.830348 -0.557221 0 27.953
0.832311 -0.554283 0 27.984
0.833947 -0.551819 0 28.016
0.83562 -0.54928 0 28.063
0.836243 -0.548332 0 28.094
0.836443 -0.548025 0 28.141
0.836075 -0.548586 0 28.172
0.834738 -0.550617 0 28.219
0.833328 -0.552748 0 28.25
0.831486 -0.555515 0 28.281
0.827837 -0.560937 0 28.328
0.824844 -0.565328 0 28.359
0.819375 -0.573226 0 28.406
0.814978 -0.579459 0 28.438
0.807648 -0.589633 0 28.484
0.801809 -0.597548 0 28.516
0.792063 -0.610407 0 28.563
0.78483 -0.619679 0 28.594
0.776919 -0.629569 0 28.625
0.763557 -0.64571 0 28.672
0.753787 -0.657088 0 28.703
0.737426 -0.675397 0 28.75
0.725554 -0.688135 0 28.781
0.705804 -0.708377 0 28.828
0.69156 -0.722289 0 28.859
0.675786 -0.737069 0 28.891
0.650543 -0.759441 0 28.938
0.632476 -0.774552 0 28.969
0.602828 -0.797844 0 29.016
0.581725 -0.813358 0 29.047
0.547291 -0.836916 0 29.094
0.522926 -0.852352 0 29.125
0.497217 -0.867601 0 29.156
0.45564 -0.890139 0 29.203
0.410913 -0.91165 0 29.25
0.379697 -0.925087 0 29.281
0.346068 -0.938186 0 29.313
0.295294 -0.955383 0 29.359
0.240604 -0.9706 0 29.406
0.201855 -0.979392 0 29.438
0.163246 -0.986563 0 29.469
0.102919 -0.994667 0 29.516
0.0621107 -0.998047 0 29.547
-0.000980112 -0.999978 0 29.594
-0.0431945 -0.999045 0 29.625
-0.107727 -0.994159 0 29.672
-0.150409 -0.988602 0 29.703
-0.192994 -0.981178 0 29.734
-0.257005 -0.966388 0 29.781
-0.299948 -0.953934 0 29.813
-0.360366 -0.932789 0 29.859
-0.401243 -0.91595 0 29.891
-0.459181 -0.888321 0 29.938
-0.495828 -0.868398 0 29.969
-0.548702 -0.835995 0 30.016
-0.58165 -0.813416 0 30.047
-0.612964 -0.790087 0 30.078
-0.657171 -0.753718 0 30.125
-0.6841 -0.729364 0 30.156
-0.721476 -0.692415 0 30.203
-0.743841 -0.668332 0 30.234
-0.765032 -0.643967 0 30.266
-0.792733 -0.609542 0 30.313
-0.808839 -0.588004 0 30.344
-0.830116 -0.557563 0 30.391
-0.842174 -0.539177 0 30.422
-0.857642 -0.514218 0 30.469
-0.866094 -0.499852 0 30.5
-0.876431 -0.481497 0 30.547
-0.881709 -0.471762 0 30.578
-0.887515 -0.460746 0 30.625
-0.889957 -0.456012 0 30.656
-0.891626 -0.45274 0 30.703
-0.891401 -0.453183 0 30.734
-0.890056 -0.455818 0 30.766
-0.885972 -0.463706 0 30.813
-0.881836 -0.471522 0 30.844
-0.8732 -0.487329 0 30.891
-0.865798 -0.500362 0 30.922
-0.851653 -0.524074 0 30.969
-0.840147 -0.542328 0 31
-0.826664 -0.562666 0 31.031
-0.801851 -0.597495 0 31.078
-0.782115 -0.623106 0 31.109
-0.74603 -0.665886 0 31.156
-0.716447 -0.697616 0 31.188
-0.665494 -0.74638 0 31.234
-0.623583 -0.781734 0 31.266
-0.577971 -0.816035 0 31.297
-0.50156 -0.865099 0 31.344
-0.448939 -0.89354 0 31.375
-0.370475 -0.928822 0 31.422
-0.321302 -0.946956 0 31.453
-0.251788 -0.967761 0 31.5
-0.209288 -0.977832 0 31.531
-0.149543 -0.988733 0 31.578
-0.112937 -0.993579 0 31.609
-0.061182 -0.998103 0 31.656
-0.028254 -0.999577 0 31.688
0.00204686 -0.999973 0 31.719
0.0452874 -0.998948 0 31.766
0.0721985 -0.997364 0 31.797
0.110816 -0.993814 0 31.844
0.134976 -0.990821 0 31.875
0.169811 -0.985448 0 31.922
0.191701 -0.981425 0 31.953
0.223392 -0.974699 0 32
0.243382 -0.969901 0 32.031
0.263313 -0.96468 0 32.063
0.290798 -0.956753 0 32.109
0.309161 -0.950978 0 32.141
0.335082 -0.942157 0 32.188
0.351533 -0.936144 0 32.219
0.367494 -0.929994 0 32.25
0.390795 -0.920446 0 32.297
0.405588 -0.914024 0 32.328
0.427164 -0.904142 0 32.375
0.440837 -0.897556 0 32.406
0.46072 -0.887514 0 32.453
0.47327 -0.880887 0 32.484
0.491427 -0.870889 0 32.531
0.503177 -0.864154 0 32.563
0.514077 -0.857715 0 32.594
0.529678 -0.848171 0 32.641
0.539348 -0.842056 0 32.672
0.553051 -0.833122 0 32.719
0.561453 -0.827484 0 32.75
0.573224 -0.819376 0 32.797
0.580351 -0.814345 0 32.828
0.586976 -0.809584 0 32.859
0.596077 -0.802909 0 32.906
0.601633 -0.798756 0 32.938
0.608738 -0.793357 0 32.984
0.613082 -0.790006 0 33.016
0.618607 -0.78569 0 33.063
0.621711 -0.783237 0 33.094
0.625637 -0.780107 0 33.141
0.627732 -0.778424 0 33.172
0.629451 -0.777037 0 33.203
0.631372 -0.775479 0 33.25
0.632211 -0.774797 0 33.281
0.63287 -0.774261 0 33.328
0.632924 -0.774218 0 33.359
0.63247 -0.774592 0 33.406
0.631817 -0.775126 0 33.438
0.63043 -0.776256 0 33.484
0.629182 -0.77727 0 33.516
0.627773 -0.77841 0 33.547
0.625302 -0.780398 0 33.594
0.623481 -0.781855 0 33.625
0.620485 -0.784236 0 33.672
0.618387 -0.785893 0 33.703
0.615078 -0.788487 0 33.75
0.61285 -0.790221 0 33.781
0.610544 -0.792005 0 33.813
0.607278 -0.794514 0 33.859
0.605086 -0.796185 0 33.891
0.602067 -0.798472 0 33.938
0.600255 -0.799836 0 33.969
0.59787 -0.801621 0 34.016
0.596591 -0.802574 0 34.047
0.595591 -0.803316 0 34.078
0.594702 -0.803976 0 34.125
0.594592 -0.804057 0 34.156
0.595269 -0.803558 0 34.203
0.596342 -0.802762 0 34.234
0.599054 -0.800741 0 34.281
0.601732 -0.798731 0 34.313
0.606906 -0.794807 0 34.359
0.611519 -0.791264 0 34.391
0.616853 -0.787113 0 34.422
0.626702 -0.779294 0 34.469
0.634448 -0.773001 0 34.5
0.648213 -0.761495 0 34.547
0.658672 -0.752467 0 34.578
0.67023 -0.742191 0 34.609
0.689721 -0.724113 0 34.656
0.704133 -0.710107 0 34.688
0.725817 -0.687928 0 34.734
0.740975 -0.671574 0 34.766
0.762124 -0.647473 0 34.813
0.774678 -0.632399 0 34.844
0.790746 -0.612189 0 34.891
0.799129 -0.601205 0 34.922
0.805681 -0.592396 0 34.953
0.81216 -0.583483 0 35
0.814223 -0.5806 0 35.031
0.81413 -0.580731 0 35.078
0.812 -0.583707 0 35.109
0.808102 -0.589091 0 35.141
0.799254 -0.601042 0 35.188
0.791364 -0.611394 0 35.219
0.776215 -0.630517 0 35.266
0.764064 -0.64519 0 35.297
0.742252 -0.670169 0 35.344
0.725562 -0.688205 0 35.375
0.696649 -0.71746 0 35.422
0.67514 -0.737737 0 35.453
0.651656 -0.758562 0 35.484
0.612239 -0.790719 0 35.531
0.582759 -0.812691 0 35.563
0.536645 -0.843854 0 35.609
0.501995 -0.864916 0 35.641
0.447362 -0.894397 0 35.688
0.408958 -0.912597 0 35.719
0.36873 -0.929579 0 35.75
0.304397 -0.952588 0 35.797
0.259852 -0.96569 0 35.828
0.189282 -0.981963 0 35.875
0.140831 -0.990073 0 35.906
0.0646559 -0.997946 0 35.953
0.0127177 -0.999957 0 35.984
-0.0422209 -0.999145 0 36.016
-0.125158 -0.992172 0 36.063
-0.181159 -0.983488 0 36.094
-0.267601 -0.963562 0 36.141
-0.325247 -0.94566 0 36.172
-0.412577 -0.910951 0 36.219
-0.46929 -0.88307 0 36.25
-0.52447 -0.851453 0 36.281
-0.603527 -0.797363 0 36.328
-0.651686 -0.758507 0 36.359
-0.717626 -0.696444 0 36.406
-0.757435 -0.652923 0 36.438
-0.807616 -0.589715 0 36.484
-0.837916 -0.545803 0 36.516
-0.876174 -0.481991 0 36.563
-0.897706 -0.440585 0 36.594
-0.91657 -0.399858 0 36.625
-0.940563 -0.339592 0 36.672
-0.95364 -0.300915 0 36.703
-0.969754 -0.24403 0 36.75
-0.978172 -0.207724 0 36.781
-0.98796 -0.154602 0 36.828
-0.99265 -0.12087 0 36.859
-0.996175 -0.0871637 0 36.891
-0.999189 -0.0397481 0 36.938
-0.99993 -0.00985375 0 36.969
-0.999421 0.0333555 0 37.016
-0.998147 0.0604529 0 37.047
-0.995022 0.099406 0 37.094
-0.992295 0.123696 0 37.125
-0.989129 0.146875 0 37.156
-0.983655 0.179917 0 37.203
-0.9797 0.200338 0 37.234
-0.973341 0.229246 0 37.281
-0.968851 0.247534 0 37.313
-0.962303 0.27188 0 37.359
-0.957755 0.28749 0 37.391
-0.9512 0.308486 0 37.438
-0.947016 0.321102 0 37.469
-0.942983 0.332759 0 37.5
-0.937227 0.348642 0 37.547
-0.931987 0.362418 0 37.594
-0.927343 0.374143 0 37.641
-0.924639 0.380778 0 37.672
-0.921122 0.389209 0 37.719
-0.919206 0.393713 0 37.75
-0.916937 0.398969 0 37.797
-0.915871 0.401411 0 37.828
-0.914918 0.403581 0 37.875
-0.914729 0.40401 0 37.906
-0.915108 0.40315 0 37.953
-0.915794 0.401591 0 37.984
-0.91748 0.397725 0 38.031
-0.919063 0.394054 0 38.063
-0.921932 0.387295 0 38.109
-0.924323 0.381554 0 38.141
-0.928387 0.37156 0 38.188
-0.931401 0.363937 0 38.219
-0.936432 0.350792 0 38.266
-0.940022 0.341056 0 38.297
-0.945816 0.324644 0 38.344
-0.949829 0.312709 0 38.375
-0.956127 0.292889 0 38.422
-0.960373 0.278651 0 38.453
-0.966856 0.255252 0 38.5
-0.971101 0.238594 0 38.531
-0.975403 0.22035 0 38.563
-0.981336 0.192212 0 38.609
-0.985206 0.171274 0 38.641
-0.990355 0.138432 0 38.688
-0.993305 0.115374 0 38.719
-0.996918 0.0782406 0 38.766
-0.998616 0.0522786 0 38.797
-0.999668 0.0251215 0 38.828
-0.999815 -0.0183803 0 38.875
-0.9988 -0.0486384 0 38.906
-0.995275 -0.0969305 0 38.953
-0.991446 -0.130395 0 38.984
-0.982988 -0.183584 0 39.031
-0.97515 -0.221475 0 39.063
-0.965741 -0.259446 0 39.094
-0.94765 -0.319263 0 39.141
-0.92436 -0.381482 0 39.188
-0.905848 -0.423567 0 39.219
-0.884656 -0.466211 0 39.25
-0.847219 -0.531215 0 39.297
-0.819016 -0.573745 0 39.328
-0.771194 -0.636578 0 39.375
-0.736613 -0.676295 0 39.406
-0.680275 -0.73294 0 39.453
-0.640979 -0.767543 0 39.484
-0.598991 -0.800743 0 39.516
-0.535279 -0.844665 0 39.563
-0.492253 -0.870443 0 39.594
-0.425974 -0.904728 0 39.641
-0.381799 -0.924239 0 39.672
-0.31449 -0.949257 0 39.719
-0.270064 -0.96284 0 39.75
-0.202984 -0.979182 0 39.797
-0.159105 -0.987263 0 39.828
-0.0934539 -0.995627 0 39.875
-0.0509188 -0.998707 0 39.906
-0.00781175 -0.999975 0 39.938
0.052444 -0.998632 0 39.984
0.0929705 -0.995678 0 40.016
0.150092 -0.988683 0 40.063
0.18602 -0.982558 0 40.094
0.220421 -0.975418 0 40.125
0.269421 -0.963038 0 40.172
0.299509 -0.95411 0 40.203
0.341517 -0.939894 0 40.25
0.366727 -0.930348 0 40.281
0.400989 -0.916104 0 40.328
0.420888 -0.907135 0 40.359
0.446832 -0.894641 0 40.406
0.461507 -0.887161 0 40.438
0.473361 -0.880894 0 40.469
0.486796 -0.873542 0 40.516
0.492601 -0.870283 0 40.547
0.496678 -0.867963 0 40.594
0.496229 -0.868221 0 40.625
0.490877 -0.871259 0 40.672
0.484451 -0.874848 0 40.703
0.476022 -0.879464 0 40.734
0.460394 -0.887746 0 40.781
0.448702 -0.893713 0 40.813
0.432068 -0.901873 0 40.859
0.421546 -0.906839 0 40.891
0.408805 -0.912655 0 40.938
0.402551 -0.91543 0 40.969
0.396608 -0.918021 0 41.016
0.395028 -0.918702 0 41.047
0.395247 -0.918608 0 41.078
0.398818 -0.917063 0 41.125
0.403158 -0.915164 0 41.156
0.412463 -0.911007 0 41.203
0.420231 -0.90745 0 41.234
0.429467 -0.903115 0 41.266
0.445022 -0.895552 0 41.313
0.456414 -0.8898 0 41.344
0.475131 -0.879948 0 41.391
0.488278 -0.872721 0 41.422
0.509173 -0.860696 0 41.469
0.523451 -0.852088 0 41.5
0.545622 -0.838063 0 41.547
0.560466 -0.828208 0 41.578
0.575394 -0.817907 0 41.609
0.598021 -0.801511 0 41.656
0.613319 -0.789866 0 41.688
0.635002 -0.77254 0 41.734
0.64979 -0.760143 0 41.766
0.670943 -0.741538 0 41.813
0.684465 -0.729074 0 41.844
0.704225 -0.710005 0 41.891
0.716726 -0.697382 0 41.922
0.728777 -0.684778 0 41.953
0.746147 -0.665808 0 42
0.756989 -0.653454 0 42.031
0.77247 -0.635077 0 42.078
0.782042 -0.623251 0 42.109
0.791387 -0.611341 0 42.141
0.804127 -0.594483 0 42.188
0.811892 -0.583832 0 42.219
0.822712 -0.568483 0 42.266
0.829229 -0.558934 0 42.297
0.838191 -0.545402 0 42.344
0.843508 -0.537142 0 42.375
0.850691 -0.525691 0 42.422
0.854863 -0.518879 0 42.453
0.858595 -0.51268 0 42.484
0.863431 -0.504493 0 42.531
0.866167 -0.49978 0 42.563
0.869327 -0.494264 0 42.609
0.870993 -0.491323 0 42.641
0.872656 -0.488362 0 42.688
0.873245 -0.487309 0 42.719
0.873429 -0.486979 0 42.75
0.872931 -0.487871 0 42.797
0.872084 -0.489385 0 42.828
0.869995 -0.493088 0 42.875
0.868075 -0.496461 0 42.906
0.864313 -0.502984 0 42.953
0.861249 -0.508211 0 42.984
0.855684 -0.517528 0 43.031
0.85123 -0.524821 0 43.063
0.846379 -0.532609 0 43.094
0.837964 -0.545753 0 43.141
0.831679 -0.555284 0 43.172
0.820967 -0.571002 0 43.219
0.813079 -0.582179 0 43.25
0.804502 -0.593975 0 43.281
0.790112 -0.612986 0 43.328
0.779658 -0.626228 0 43.359
0.762263 -0.647289 0 43.406
0.749299 -0.662252 0 43.438
0.728989 -0.684544 0 43.484
0.713645 -0.700525 0 43.516
0.689215 -0.724573 0 43.563
0.671825 -0.740724 0 43.594
0.64346 -0.765492 0 43.641
0.623399 -0.781914 0 43.672
0.602246 -0.79832 0 43.703
0.568067 -0.82299 0 43.75
0.544131 -0.839006 0 43.781
0.505749 -0.862684 0 43.828
0.47908 -0.877773 0 43.859
0.436674 -0.89962 0 43.906
0.406508 -0.913645 0 43.938
0.376355 -0.926472 0 43.969
0.329052 -0.944306 0 44.016
0.29693 -0.954892 0 44.047
0.247089 -0.968983 0 44.094
0.21363 -0.976904 0 44.125
0.179854 -0.983681 0 44.156
0.128349 -0.991714 0 44.203
0.0943977 -0.995518 0 44.234
0.0433482 -0.999041 0 44.281
0.00913063 -0.999938 0 44.313
-0.0388908 -0.999221 0 44.359
-0.0712431 -0.997434 0 44.391
-0.116796 -0.993129 0 44.438
-0.145347 -0.989352 0 44.469
-0.17255 -0.984971 0 44.5
-0.210944 -0.977465 0 44.547
-0.234223 -0.972149 0 44.578
-0.266159 -0.963892 0 44.625
-0.284878 -0.958525 0 44.656
-0.309504 -0.950858 0 44.703
-0.323165 -0.9463 0 44.734
-0.335034 -0.942162 0 44.766
-0.348203 -0.937373 0 44.813
-0.35401 -0.935194 0 44.844
-0.358246 -0.933578 0 44.891
-0.357889 -0.933714 0 44.922
-0.352269 -0.935847 0 44.969
-0.344995 -0.938551 0 45
-0.334671 -0.942281 0 45.031
-0.312693 -0.949799 0 45.078
-0.293625 -0.955865 0 45.109
-0.257008 -0.966353 0 45.156
-0.226338 -0.973992 0 45.188
-0.173927 -0.9847 0 45.234
-0.132368 -0.991142 0 45.266
-0.0895771 -0.99592 0 45.297
-0.0244313 -0.999642 0 45.344
0.015824 -0.999814 0 45.375
0.0696061 -0.997512 0 45.422
0.0997025 -0.994954 0 45.453
0.137347 -0.990457 0 45.5
0.157275 -0.987487 0 45.531
0.174105 -0.984657 0 45.563
0.192202 -0.981283 0 45.609
0.20393 -0.97891 0 45.656
0.20832 -0.977984 0 45.688
0.209971 -0.977629 0 45.719
0.207859 -0.978077 0 45.766
0.203576 -0.978976 0 45.797
0.192927 -0.981128 0 45.844
0.183283 -0.982974 0 45.875
0.164888 -0.986224 0 45.922
0.150381 -0.988538 0 45.953
0.134078 -0.99088 0 45.984
0.106129 -0.99426 0 46.031
0.085012 -0.996286 0 46.063
0.0519421 -0.998555 0 46.109
0.0272138 -0.999534 0 46.141
-0.0113683 -0.999838 0 46.188
-0.0381062 -0.999176 0 46.219
-0.0657185 -0.99774 0 46.25
-0.108952 -0.993948 0 46.297
-0.138172 -0.990309 0 46.328
-0.18319 -0.982978 0 46.375
-0.213158 -0.976918 0 46.406
-0.258677 -0.965863 0 46.453
-0.288573 -0.957358 0 46.484
-0.31918 -0.947594 0 46.516
-0.363422 -0.931524 0 46.563
-0.391994 -0.919868 0 46.594
-0.434162 -0.900735 0 46.641
-0.461105 -0.887246 0 46.672
-0.500473 -0.865654 0 46.719
-0.525383 -0.850768 0 46.75
-0.561447 -0.827416 0 46.797
-0.584064 -0.811612 0 46.828
-0.605729 -0.795577 0 46.859
-0.636728 -0.770996 0 46.906
-0.656554 -0.754188 0 46.938
-0.683244 -0.730101 0 46.984
-0.700566 -0.7135 0 47.016
-0.724194 -0.689512 0 47.063
-0.738626 -0.674034 0 47.094
-0.752166 -0.658893 0 47.125
-0.771052 -0.636695 0 47.172
-0.782464 -0.622622 0 47.203
-0.798253 -0.602253 0 47.25
-0.80771 -0.589513 0 47.281
-0.816711 -0.576984 0 47.313
-0.828354 -0.560147 0 47.359
-0.838754 -0.544457 0 47.406
-0.845016 -0.534692 0 47.438
-0.850477 -0.525966 0 47.469
-0.857671 -0.514157 0 47.516
-0.861731 -0.507328 0 47.547
-0.86689 -0.498467 0 47.594
-0.86966 -0.493624 0 47.625
-0.872928 -0.487825 0 47.672
-0.874485 -0.485033 0 47.703
-0.875573 -0.483068 0 47.734
-0.876339 -0.481683 0 47.781
-0.876251 -0.481845 0 47.813
-0.875256 -0.483655 0 47.859
-0.87395 -0.486013 0 47.891
-0.871096 -0.491113 0 47.938
-0.868585 -0.495541 0 47.969
-0.865558 -0.500811 0 48
-0.859941 -0.510397 0 48.047
-0.855527 -0.517764 0 48.078
-0.847696 -0.53049 0 48.125
-0.841738 -0.539894 0 48.156
-0.83489 -0.550425 0 48.188
-0.82373 -0.56699 0 48.234
-0.814999 -0.579472 0 48.266
-0.800638 -0.599157 0 48.313
-0.790108 -0.612976 0 48.344
-0.772444 -0.635091 0 48.391
-0.759615 -0.650381 0 48.422
-0.738285 -0.674496 0 48.469
-0.722928 -0.690931 0 48.5
-0.706511 -0.707709 0 48.531
-0.679544 -0.733641 0 48.578
-0.660361 -0.750955 0 48.609
