2 0 0 0
2 -0.0004805 0 0.031
2 -0.0019845 0 0.063
1.99999 -0.004418 0 0.094
1.99995 -0.0099405 0 0.141
1.99989 -0.014792 0 0.172
1.99971 -0.0239805 0 0.219
1.99951 -0.03125 0 0.25
1.99903 -0.0441045 0 0.297
1.99856 -0.053792 0 0.328
1.99753 -0.0703125 0 0.375
1.99662 -0.0824179 0 0.406
1.99542 -0.0959218 0 0.438
1.99319 -0.117127 0 0.484
1.99122 -0.133127 0 0.516
1.98761 -0.158482 0 0.563
1.98469 -0.176414 0 0.594
1.97936 -0.205431 0 0.641
1.97518 -0.225778 0 0.672
1.96772 -0.258453 0 0.719
1.962 -0.281209 0 0.75
1.95203 -0.317531 0 0.797
1.94453 -0.342687 0 0.828
1.93167 -0.382636 0 0.875
1.92216 -0.410175 0 0.906
1.9061 -0.45372 0 0.953
1.89439 -0.483615 0 0.984
1.88132 -0.515445 0 1.016
1.86028 -0.563968 0 1.063
1.84516 -0.597111 0 1.094
1.82029 -0.649063 0 1.141
1.80258 -0.684431 0 1.172
1.78379 -0.72066 0 1.203
1.75319 -0.777187 0 1.25
1.71998 -0.835581 0 1.297
1.69658 -0.875078 0 1.328
1.67197 -0.915322 0 1.359
1.63226 -0.977691 0 1.406
1.6035 -1.02103 0 1.438
1.55962 -1.08446 0 1.484
1.52726 -1.12929 0 1.516
1.4944 -1.1732 0 1.547
1.44166 -1.24053 0 1.594
1.40485 -1.28531 0 1.625
1.34582 -1.35354 0 1.672
1.30468 -1.3986 0 1.703
1.23877 -1.46668 0 1.75
1.19289 -1.51121 0 1.781
1.14343 -1.55667 0 1.813
1.06849 -1.62067 0 1.859
1.0136 -1.66394 0 1.891
0.928803 -1.72499 0 1.938
0.870116 -1.76323 0 1.969
0.776986 -1.81735 0 2.016
0.712885 -1.85005 0 2.047
0.646755 -1.87999 0 2.078
0.542926 -1.91942 0 2.125
0.472361 -1.94107 0 2.156
0.362831 -1.96672 0 2.203
0.289325 -1.9787 0 2.234
0.176756 -1.98924 0 2.281
0.0998229 -1.99124 0 2.313
0.0254288 -1.98933 0 2.344
-0.0865069 -1.97969 0 2.391
-0.159433 -1.96922 0 2.422
-0.268145 -1.9478 0 2.469
-0.338411 -1.93039 0 2.5
-0.442478 -1.89971 0 2.547
-0.509374 -1.87699 0 2.578
-0.574816 -1.85258 0 2.609
-0.671172 -1.81276 0 2.656
-0.734764 -1.78402 0 2.688
-0.823282 -1.74078 0 2.734
-0.882836 -1.70959 0 2.766
-0.938942 -1.67865 0 2.797
-1.02102 -1.63065 0 2.844
-1.0732 -1.5984 0 2.875
-1.14931 -1.54881 0 2.922
-1.19754 -1.51575 0 2.953
-1.26764 -1.46523 0 3
-1.31187 -1.43172 0 3.031
-1.35584 -1.39701 0 3.063
-1.416 -1.34696 0 3.109
-1.45569 -1.31207 0 3.141
-1.51072 -1.26078 0 3.188
-1.54486 -1.22692 0 3.219
-1.57726 -1.19306 0 3.25
-1.62303 -1.14175 0 3.297
-1.65099 -1.10792 0 3.328
-1.69004 -1.05672 0 3.375
-1.7136 -1.02303 0 3.406
-1.74609 -0.972124 0 3.453
-1.76545 -0.938711 0 3.484
-1.79185 -0.888391 0 3.531
-1.80788 -0.854428 0 3.563
-1.82202 -0.821811 0 3.594
-1.84104 -0.772998 0 3.641
-1.85212 -0.741295 0 3.672
-1.86693 -0.694099 0 3.719
-1.87551 -0.663612 0 3.75
-1.88695 -0.618475 0 3.797
-1.89357 -0.58948 0 3.828
-1.89954 -0.561145 0 3.859
-1.90749 -0.519523 0 3.906
-1.91224 -0.492154 0 3.938
-1.91827 -0.454256 0 3.984
-1.92198 -0.428936 0 4.016
-1.92684 -0.393353 0 4.063
-1.92971 -0.370958 0 4.094
-1.93236 -0.349436 0 4.125
-1.93603 -0.318505 0 4.172
-1.93826 -0.299241 0 4.203
-1.94143 -0.27179 0 4.25
-1.94341 -0.254854 0 4.281
-1.9463 -0.230972 0 4.328
-1.94815 -0.216413 0 4.359
-1.95005 -0.202386 0 4.391
-1.95283 -0.183637 0 4.438
-1.95468 -0.172484 0 4.469
-1.95752 -0.157418 0 4.516
-1.95942 -0.1487 0 4.547
-1.96238 -0.137333 0 4.594
-1.96437 -0.131055 0 4.625
-1.9664 -0.125747 0 4.656
-1.96953 -0.119546 0 4.703
-1.97162 -0.116671 0 4.734
-1.9748 -0.114148 0 4.781
-1.97696 -0.113692 0 4.813
-1.98 -0.114819 0 4.859
-1.98204 -0.116837 0 4.891
-1.98487 -0.121627 0 4.938
-1.98734 -0.128404 0 4.984
-1.98945 -0.137447 0 5.031
-1.99057 -0.144822 0 5.063
-1.99161 -0.157141 0 5.109
-1.99187 -0.166899 0 5.141
-1.99142 -0.18299 0 5.188
-1.99049 -0.194746 0 5.219
-1.98798 -0.214296 0 5.266
-1.98552 -0.228329 0 5.297
-1.98041 -0.251335 0 5.344
-1.97605 -0.267652 0 5.375
-1.96783 -0.294132 0 5.422
-1.96128 -0.312753 0 5.453
-1.9538 -0.332297 0 5.484
-1.94059 -0.3637 0 5.531
-1.9303 -0.386312 0 5.563
-1.91361 -0.420573 0 5.609
-1.90067 -0.445635 0 5.641
-1.8797 -0.48428 0 5.688
-1.86459 -0.510966 0 5.719
-1.83976 -0.553242 0 5.766
-1.82211 -0.582323 0 5.797
-1.79347 -0.628219 0 5.844
-1.77334 -0.659676 0 5.875
-1.75223 -0.692069 0 5.906
-1.71834 -0.742946 0 5.953
-1.69475 -0.777655 0 5.984
-1.65709 -0.831991 0 6.031
-1.63012 -0.870145 0 6.063
-1.60294 -0.90798 0 6.094
-1.55972 -0.966935 0 6.141
-1.52984 -1.00683 0 6.172
-1.48236 -1.06877 0 6.219
-1.44955 -1.11053 0 6.25
-1.39742 -1.17509 0 6.297
-1.36137 -1.21841 0 6.328
-1.30406 -1.28506 0 6.375
-1.26441 -1.32953 0 6.406
-1.22184 -1.37574 0 6.438
-1.15758 -1.4425 0 6.484
-1.11064 -1.48896 0 6.516
-1.03813 -1.55684 0 6.563
-0.987882 -1.60111 0 6.594
-0.907829 -1.66691 0 6.641
-0.852372 -1.70908 0 6.672
-0.794734 -1.74993 0 6.703
-0.703088 -1.80859 0 6.75
-0.639803 -1.84455 0 6.781
-0.539602 -1.8938 0 6.828
-0.470821 -1.92211 0 6.859
-0.362858 -1.95742 0 6.906
-0.287199 -1.9755 0 6.938
-0.212645 -1.98796 0 6.969
-0.0981864 -1.99687 0 7.016
-0.0224161 -1.99611 0 7.047
0.0917533 -1.98532 0 7.094
0.166024 -1.97233 0 7.125
0.276287 -1.94483 0 7.172
0.34715 -1.92223 0 7.203
0.416358 -1.8966 0 7.234
0.517933 -1.85293 0 7.281
0.584707 -1.82047 0 7.313
0.677278 -1.77076 0 7.359
0.739316 -1.73452 0 7.391
0.826993 -1.67944 0 7.438
0.882637 -1.64224 0 7.469
0.963799 -1.58496 0 7.516
1.01529 -1.54684 0 7.547
1.06521 -1.50861 0 7.578
1.13803 -1.45068 0 7.625
1.18422 -1.41265 0 7.656
1.25158 -1.35546 0 7.703
1.2943 -1.31816 0 7.734
1.35655 -1.26238 0 7.781
1.39724 -1.22502 0 7.813
1.43537 -1.18933 0 7.844
1.49077 -1.13628 0 7.891
1.52573 -1.10201 0 7.922
1.5763 -1.05118 0 7.969
1.60804 -1.01843 0 8
1.65363 -0.969966 0 8.047
1.682 -0.938784 0 8.078
1.70896 -0.908225 0 8.109
1.74709 -0.863071 0 8.156
1.77107 -0.833127 0 8.188
1.80267 -0.791191 0 8.234
1.82258 -0.762769 0 8.266
1.84023 -0.735809 0 8.297
1.86386 -0.69598 0 8.344
1.8774 -0.670387 0 8.375
1.89489 -0.632596 0 8.422
1.90448 -0.608335 0 8.453
1.91625 -0.572578 0 8.5
1.92231 -0.549687 0 8.531
1.92916 -0.516078 0 8.578
1.93228 -0.494667 0 8.609
1.93519 -0.46342 0 8.656
1.93606 -0.443025 0 8.688
1.93617 -0.423982 0 8.719
1.93515 -0.396512 0 8.766
1.93383 -0.379359 0 8.797
1.93103 -0.354878 0 8.844
1.92875 -0.339772 0 8.875
1.92478 -0.318499 0 8.922
1.9219 -0.305571 0 8.953
1.91886 -0.293539 0 8.984
1.91404 -0.277039 0 9.031
1.91066 -0.267026 0 9.063
1.90572 -0.254393 0 9.109
1.90226 -0.246846 0 9.141
1.89721 -0.237629 0 9.188
1.89392 -0.232775 0 9.219
1.88902 -0.227291 0 9.266
1.88586 -0.224917 0 9.297
1.88121 -0.223214 0 9.344
1.87823 -0.223346 0 9.375
1.87388 -0.225454 0 9.422
1.87112 -0.228105 0 9.453
1.86844 -0.231759 0 9.484
1.86453 -0.239213 0 9.531
1.86198 -0.245606 0 9.563
1.85846 -0.256666 0 9.609
1.85609 -0.265656 0 9.641
1.85275 -0.280783 0 9.688
1.85061 -0.292007 0 9.719
1.84851 -0.304216 0 9.75
1.8454 -0.324597 0 9.797
1.84337 -0.339264 0 9.828
1.8403 -0.363339 0 9.875
1.83827 -0.380419 0 9.906
1.83512 -0.408112 0 9.953
1.83299 -0.427547 0 9.984
1.83071 -0.44857 0 10.016
1.82718 -0.481183 0 10.063
1.82471 -0.503802 0 10.094
1.82066 -0.539729 0 10.141
1.81775 -0.564471 0 10.172
1.81291 -0.603509 0 10.219
1.80938 -0.630221 0 10.25
1.80552 -0.657662 0 10.281
1.79895 -0.700574 0 10.328
1.79407 -0.729676 0 10.359
1.78565 -0.774883 0 10.406
1.77911 -0.806322 0 10.438
1.76833 -0.852285 0 10.484
1.75973 -0.88468 0 10.516
1.7504 -0.916293 0 10.547
1.73408 -0.964453 0 10.594
1.72168 -0.996227 0 10.625
1.70004 -1.04417 0 10.672
1.68367 -1.07549 0 10.703
1.6553 -1.12233 0 10.75
1.63408 -1.15268 0 10.781
1.59787 -1.1978 0 10.828
1.57124 -1.22693 0 10.859
1.54146 -1.2565 0 10.891
1.49352 -1.29905 0 10.938
1.45924 -1.32661 0 10.969
1.40345 -1.36777 0 11.016
1.36424 -1.39459 0 11.047
1.30138 -1.43485 0 11.094
1.25777 -1.4612 0 11.125
1.18861 -1.50095 0 11.172
1.14108 -1.52704 0 11.203
1.09208 -1.55304 0 11.234
1.01511 -1.59229 0 11.281
0.960886 -1.61886 0 11.313
0.880432 -1.65676 0 11.359
0.822738 -1.68283 0 11.391
0.73545 -1.72056 0 11.438
0.676221 -1.74494 0 11.469
0.583916 -1.7809 0 11.516
0.521382 -1.80378 0 11.547
0.457542 -1.82584 0 11.578
0.358286 -1.85737 0 11.625
0.291221 -1.87663 0 11.656
0.187206 -1.903 0 11.703
0.117138 -1.91818 0 11.734
0.00888743 -1.93714 0 11.781
-0.0660345 -1.94679 0 11.813
-0.139379 -1.95325 0 11.844
-0.251561 -1.95681 0 11.891
-0.325825 -1.95453 0 11.922
-0.438012 -1.9432 0 11.969
-0.511181 -1.93015 0 12
-0.619787 -1.90148 0 12.047
-0.68927 -1.87673 0 12.078
-0.790397 -1.83078 0 12.125
-0.853891 -1.79538 0 12.156
-0.916518 -1.75513 0 12.188
-1.00115 -1.69169 0 12.234
-1.05625 -1.6444 0 12.266
-1.13168 -1.57138 0 12.313
-1.17798 -1.52148 0 12.344
-1.24322 -1.44408 0 12.391
-1.28317 -1.39229 0 12.422
-1.33938 -1.31328 0 12.469
-1.37376 -1.26113 0 12.5
-1.40615 -1.20917 0 12.531
-1.45168 -1.13103 0 12.578
-1.47954 -1.0801 0 12.609
-1.51872 -1.00407 0 12.656
-1.54344 -0.953244 0 12.688
-1.57645 -0.881683 0 12.734
-1.59776 -0.833031 0 12.766
-1.61723 -0.786837 0 12.797
-1.64466 -0.718643 0 12.844
-1.66149 -0.674923 0 12.875
-1.68523 -0.610608 0 12.922
-1.6998 -0.569512 0 12.953
-1.72038 -0.509253 0 13
-1.73302 -0.470872 0 13.031
-1.75087 -0.414772 0 13.078
-1.76184 -0.379156 0 13.109
-1.77252 -0.343553 0 13.141
-1.78711 -0.293403 0 13.188
-1.79607 -0.261722 0 13.219
-1.80869 -0.215809 0 13.266
-1.81641 -0.186922 0 13.297
-1.82728 -0.145238 0 13.344
-1.83393 -0.119135 0 13.375
-1.84324 -0.0816605 0 13.422
-1.84891 -0.0583244 0 13.453
-1.85423 -0.036082 0 13.484
-1.86166 -0.00443681 0 13.531
-1.8663 0.015683 0 13.563
-1.87241 0.042593 0 13.609
-1.87631 0.0599205 0 13.641
-1.88152 0.0833115 0 13.688
-1.88466 0.0974065 0 13.719
-1.88757 0.110448 0 13.75
-1.89159 0.128221 0 13.797
-1.89399 0.138633 0 13.828
-1.89728 0.152444 0 13.875
-1.89924 0.160257 0 13.906
-1.90192 0.170148 0 13.953
-1.90351 0.175389 0 13.984
-1.90501 0.179733 0 14.016
-1.90696 0.184156 0 14.063
-1.9081 0.185803 0 14.094
-1.90961 0.186378 0 14.141
-1.91046 0.185491 0 14.172
-1.91154 0.182228 0 14.219
-1.91212 0.17881 0 14.25
-1.91257 0.174385 0 14.281
-1.91302 0.165753 0 14.328
-1.91316 0.158787 0 14.359
-1.91311 0.146291 0 14.406
-1.91287 0.136443 0 14.438
-1.91222 0.120378 0 14.484
-1.91154 0.107868 0 14.516
-1.91067 0.0946989 0 14.547
-1.90895 0.0727536 0 14.594
-1.90753 0.0569662 0 14.625
-1.90487 0.0310281 0 14.672
-1.90277 0.0125922 0 14.703
-1.899 -0.0173838 0 14.75
-1.8961 -0.0384973 0 14.781
-1.89102 -0.0725534 0 14.828
-1.88719 -0.0963704 0 14.859
-1.8828 -0.122089 0 14.891
-1.8755 -0.161957 0 14.938
-1.87009 -0.189619 0 14.969
-1.86093 -0.233634 0 15.016
-1.85421 -0.264033 0 15.047
-1.84292 -0.312196 0 15.094
-1.83469 -0.345328 0 15.125
-1.82582 -0.37954 0 15.156
-1.81103 -0.433459 0 15.203
-1.80035 -0.470364 0 15.234
-1.78264 -0.528326 0 15.281
-1.76946 -0.569156 0 15.313
-1.74883 -0.629751 0 15.359
-1.73321 -0.673197 0 15.391
-1.71703 -0.716269 0 15.422
-1.69038 -0.783352 0 15.469
-1.67132 -0.828722 0 15.5
-1.63999 -0.899104 0 15.547
-1.61762 -0.946503 0 15.578
-1.58089 -1.01969 0 15.625
-1.55469 -1.06873 0 15.656
-1.51175 -1.14402 0 15.703
-1.48117 -1.19414 0 15.734
-1.43112 -1.27052 0 15.781
-1.39434 -1.32256 0 15.813
-1.35651 -1.37281 0 15.844
-1.29477 -1.44824 0 15.891
-1.25103 -1.49716 0 15.922
-1.17991 -1.5694 0 15.969
-1.12974 -1.61536 0 16
-1.04862 -1.68166 0 16.047
-0.991796 -1.72267 0 16.078
-0.932389 -1.76111 0 16.109
-0.837649 -1.81379 0 16.156
-0.77019 -1.84536 0 16.188
-0.669615 -1.88411 0 16.234
-0.597578 -1.90628 0 16.266
-0.526538 -1.92398 0 16.297
-0.41719 -1.94384 0 16.344
-0.344427 -1.95253 0 16.375
-0.233836 -1.95949 0 16.422
-0.161061 -1.9603 0 16.453
-0.0514886 -1.95635 0 16.5
0.0200402 -1.95066 0 16.531
0.127027 -1.93791 0 16.578
0.196476 -1.92707 0 16.609
0.267131 -1.91408 0 16.641
0.368847 -1.89205 0 16.688
0.434514 -1.87583 0 16.719
0.531806 -1.84898 0 16.766
0.594424 -1.82995 0 16.797
0.68692 -1.79932 0 16.844
0.74627 -1.77807 0 16.875
0.804261 -1.75604 0 16.906
0.889511 -1.72129 0 16.953
0.943919 -1.69751 0 16.984
1.02353 -1.66021 0 17.031
1.07568 -1.63397 0 17.063
1.14757 -1.59503 0 17.109
1.19537 -1.56708 0 17.141
1.23988 -1.5393 0 17.172
1.30384 -1.49583 0 17.219
1.34365 -1.46624 0 17.25
1.40032 -1.41995 0 17.297
1.43523 -1.38848 0 17.328
1.48446 -1.3394 0 17.375
1.51453 -1.30617 0 17.406
1.55663 -1.25463 0 17.453
1.58219 -1.21997 0 17.484
1.60686 -1.18375 0 17.516
1.64016 -1.12994 0 17.563
1.66035 -1.09418 0 17.594
1.68856 -1.03981 0 17.641
1.70571 -1.00398 0 17.672
1.72976 -0.949917 0 17.719
1.74445 -0.914546 0 17.75
1.75829 -0.879484 0 17.781
1.77782 -0.827059 0 17.828
1.78983 -0.793047 0 17.859
1.80686 -0.742465 0 17.906
1.81771 -0.708773 0 17.938
1.83236 -0.661498 0 17.984
1.84195 -0.629467 0 18.016
1.85081 -0.599143 0 18.047
1.8635 -0.55455 0 18.094
1.87142 -0.526084 0 18.125
1.88281 -0.484414 0 18.172
1.88994 -0.457937 0 18.203
1.90024 -0.419362 0 18.25
1.90671 -0.394974 0 18.281
1.91609 -0.359627 0 18.328
1.922 -0.337403 0 18.359
1.92789 -0.315382 0 18.391
1.93617 -0.284749 0 18.438
1.94141 -0.265668 0 18.469
1.94901 -0.238455 0 18.516
1.9538 -0.221645 0 18.547
1.96075 -0.197891 0 18.594
1.9651 -0.183371 0 18.625
1.97136 -0.163098 0 18.672
1.97523 -0.150876 0 18.703
1.9789 -0.13957 0 18.734
1.98401 -0.124173 0 18.781
1.98715 -0.114894 0 18.813
1.99112 -0.103265 0 18.859
1.99345 -0.0963665 0 18.891
1.99615 -0.0880108 0 18.938
1.9974 -0.0836609 0 18.969
1.99819 -0.080239 0 19
1.99839 -0.0768342 0 19.047
1.99781 -0.0757759 0 19.078
1.99574 -0.0759951 0 19.125
1.99353 -0.0773589 0 19.156
1.98881 -0.0813071 0 19.203
1.98475 -0.0851715 0 19.234
1.9771 -0.0929768 0 19.281
1.97084 -0.0996552 0 19.313
1.96031 -0.111225 0 19.359
1.95193 -0.120662 0 19.391
1.94299 -0.130905 0 19.422
1.92792 -0.148519 0 19.469
1.917 -0.161523 0 19.5
1.899 -0.183356 0 19.547
1.88621 -0.199158 0 19.578
1.86548 -0.225246 0 19.625
1.83529 -0.264245 0 19.688
1.81947 -0.285127 0 19.719
1.79433 -0.318909 0 19.766
1.77701 -0.342586 0 19.797
1.75912 -0.367368 0 19.828
1.73096 -0.40704 0 19.875
1.70155 -0.449231 0 19.922
1.68148 -0.478429 0 19.953
1.65005 -0.524767 0 20
1.62865 -0.556688 0 20.031
1.59515 -0.607131 0 20.078
1.57235 -0.641745 0 20.109
1.54819 -0.678588 0 20.141
1.51153 -0.734735 0 20.188
1.48652 -0.77308 0 20.219
1.44725 -0.833174 0 20.266
1.4204 -0.874082 0 20.297
1.37809 -0.937979 0 20.344
1.34904 -0.981324 0 20.375
1.30311 -1.04878 0 20.422
1.27145 -1.09435 0 20.453
1.23862 -1.14072 0 20.484
1.18641 -1.21242 0 20.531
1.14905 -1.26206 0 20.563
1.09252 -1.33438 0 20.609
1.0511 -1.38517 0 20.641
0.986879 -1.46014 0 20.688
0.942165 -1.50958 0 20.719
0.895462 -1.5588 0 20.75
0.820631 -1.63244 0 20.797
0.768473 -1.67998 0 20.828
0.684897 -1.74959 0 20.875
0.626676 -1.79326 0 20.906
0.533534 -1.85477 0 20.953
0.468846 -1.8913 0 20.984
0.365955 -1.93867 0 21.031
0.292843 -1.96409 0 21.063
0.22004 -1.98247 0 21.094
0.107112 -1.99712 0 21.141
0.0319052 -1.99761 0 21.172
-0.0814459 -1.9848 0 21.219
-0.15488 -1.9682 0 21.25
-0.226726 -1.94599 0 21.281
-0.331995 -1.90345 0 21.328
-0.432406 -1.85251 0 21.375
-0.495884 -1.81542 0 21.406
-0.559122 -1.77488 0 21.438
-0.64604 -1.71353 0 21.484
-0.703815 -1.6693 0 21.516
-0.784846 -1.60278 0 21.563
-0.835909 -1.55828 0 21.594
-0.90992 -1.49038 0 21.641
-0.956608 -1.44558 0 21.672
-1.0017 -1.40093 0 21.703
-1.06721 -1.33384 0 21.75
-1.10866 -1.29014 0 21.781
-1.16904 -1.22496 0 21.828
-1.20735 -1.18277 0 21.859
-1.26333 -1.12022 0 21.906
-1.3001 -1.07866 0 21.938
-1.35117 -1.0205 0 21.984
-1.38556 -0.981179 0 22.016
-1.41802 -0.944016 0 22.047
-1.46574 -0.889457 0 22.094
-1.49627 -0.854672 0 22.125
-1.54117 -0.803788 0 22.172
-1.56988 -0.771466 0 22.203
-1.61208 -0.724363 0 22.25
-1.63901 -0.694561 0 22.281
-1.66606 -0.664861 0 22.313
-1.70354 -0.62407 0 22.359
-1.72861 -0.597026 0 22.391
-1.76384 -0.559295 0 22.438
-1.78598 -0.535707 0 22.469
-1.81778 -0.501917 0 22.516
-1.8375 -0.480927 0 22.547
-1.86535 -0.451062 0 22.594
-1.88228 -0.432644 0 22.625
-1.898 -0.415232 0 22.656
-1.91936 -0.390718 0 22.703
-1.93174 -0.375767 0 22.734
-1.94781 -0.354889 0 22.781
-1.95682 -0.341869 0 22.813
-1.96702 -0.324783 0 22.859
-1.97221 -0.31399 0 22.891
-1.97709 -0.299701 0 22.938
-1.97861 -0.291263 0 22.969
-1.97887 -0.283593 0 23
-1.97707 -0.273409 0 23.047
-1.97457 -0.267639 0 23.078
-1.96907 -0.260335 0 23.125
-1.96446 -0.25648 0 23.156
-1.95899 -0.253315 0 23.188
-1.95006 -0.250243 0 23.234
-1.94322 -0.249153 0 23.266
-1.9324 -0.249145 0 23.313
-1.92485 -0.250195 0 23.344
-1.9129 -0.253419 0 23.391
-1.90473 -0.256638 0 23.422
-1.89199 -0.263196 0 23.469
-1.8834 -0.268641 0 23.5
-1.87468 -0.274984 0 23.531
-1.86124 -0.286322 0 23.578
-1.85225 -0.294943 0 23.609
-1.83846 -0.309752 0 23.656
-1.82896 -0.321034 0 23.688
-1.81516 -0.338957 0 23.734
-1.80546 -0.352608 0 23.766
-1.79106 -0.374413 0 23.813
-1.78147 -0.389933 0 23.844
-1.76676 -0.415176 0 23.891
-1.75695 -0.432949 0 23.922
-1.74704 -0.451607 0 23.953
-1.73184 -0.48157 0 24
-1.72168 -0.502426 0 24.031
-1.70606 -0.535683 0 24.078
-1.69561 -0.558685 0 24.109
-1.6847 -0.583306 0 24.141
-1.66842 -0.621063 0 24.188
-1.6575 -0.646988 0 24.219
-1.64068 -0.687812 0 24.266
-1.6294 -0.715722 0 24.297
-1.61198 -0.759493 0 24.344
-1.60028 -0.789302 0 24.375
-1.58221 -0.835874 0 24.422
-1.57005 -0.867472 0 24.453
-1.55769 -0.899745 0 24.484
-1.53855 -0.949904 0 24.531
-1.52522 -0.984856 0 24.563
-1.50558 -1.03615 0 24.609
-1.49155 -1.07249 0 24.641
-1.47035 -1.12671 0 24.688
-1.45592 -1.16292 0 24.719
-1.44109 -1.1994 0 24.75
-1.41772 -1.25501 0 24.797
-1.40162 -1.29169 0 24.828
-1.37597 -1.34697 0 24.875
-1.35807 -1.38294 0 24.906
-1.32911 -1.43617 0 24.953
-1.30855 -1.47005 0 24.984
-1.28588 -1.50366 0 25.016
-1.24939 -1.54984 0 25.063
-1.2229 -1.5778 0 25.094
-1.17849 -1.61584 0 25.141
-1.14614 -1.63787 0 25.172
-1.09223 -1.66663 0 25.219
-1.05349 -1.68272 0 25.25
-1.01231 -1.69676 0 25.281
-0.945568 -1.71472 0 25.328
-0.898961 -1.72474 0 25.359
-0.824844 -1.7378 0 25.406
-0.772261 -1.74554 0 25.438
-0.694034 -1.75544 0 25.484
-0.63797 -1.76167 0 25.516
-0.582492 -1.76732 0 25.547
-0.496376 -1.77529 0 25.594
-0.438348 -1.78022 0 25.625
-0.348637 -1.78724 0 25.672
-0.288377 -1.79157 0 25.703
-0.195439 -1.79759 0 25.75
-0.133135 -1.80116 0 25.781
-0.0372069 -1.80577 0 25.828
0.0269983 -1.80819 0 25.859
0.0940198 -1.81005 0 25.891
0.193753 -1.81137 0 25.938
0.260315 -1.81114 0 25.969
0.362272 -1.80876 0 26.016
0.430101 -1.80563 0 26.047
0.498285 -1.80106 0 26.078
0.602083 -1.79094 0 26.125
0.670612 -1.78184 0 26.156
0.774138 -1.76375 0 26.203
0.84183 -1.74857 0 26.234
0.942802 -1.71989 0 26.281
1.00983 -1.69598 0 26.313
1.1026 -1.65464 0 26.359
1.16388 -1.62072 0 26.391
1.22007 -1.5837 0 26.422
1.29823 -1.52 0 26.469
1.34464 -1.47339 0 26.5
1.40675 -1.39693 0 26.547
1.44229 -1.34346 0 26.578
1.47369 -1.28823 0 26.609
1.51389 -1.20227 0 26.656
1.53658 -1.14289 0 26.688
1.56323 -1.05722 0 26.734
1.57802 -0.997843 0 26.766
1.59478 -0.911534 0 26.813
1.60293 -0.855455 0 26.844
1.60898 -0.80021 0 26.875
1.61456 -0.718288 0 26.922
1.61608 -0.66559 0 26.953
1.61548 -0.587889 0 27
1.61334 -0.538162 0 27.031
1.60774 -0.465177 0 27.078
1.60264 -0.418667 0 27.109
1.59299 -0.350672 0 27.156
1.58524 -0.306134 0 27.188
1.57689 -0.264356 0 27.219
1.56283 -0.203587 0 27.266
1.55272 -0.165201 0 27.297
1.53626 -0.109566 0 27.344
1.52474 -0.0745518 0 27.375
1.50637 -0.0239929 0 27.422
1.49372 0.00770187 0 27.453
1.48069 0.0380956 0 27.484
1.4603 0.0817212 0 27.531
1.44602 0.10975 0 27.563
1.42499 0.147696 0 27.609
1.41006 0.172482 0 27.641
1.38773 0.206524 0 27.688
1.37277 0.227456 0 27.719
1.34979 0.25692 0 27.766
1.33446 0.274874 0 27.797
1.31901 0.291664 0 27.828
1.29537 0.31493 0 27.875
1.27966 0.328848 0 27.906
1.2557 0.347814 0 27.953
1.2398 0.358932 0 27.984
1.22333 0.369262 0 28.016
1.19904 0.382349 0 28.063
1.18297 0.389638 0 28.094
1.15855 0.398685 0 28.141
1.1424 0.403347 0 28.172
1.11788 0.408466 0 28.219
1.1017 0.410575 0 28.25
1.0855 0.411691 0 28.281
1.06094 0.411522 0 28.328
1.04473 0.410202 0 28.359
1.02018 0.406411 0 28.406
1.00347 0.402621 0 28.438
0.979482 0.395499 0 28.484
0.962812 0.389412 0 28.516
0.938363 0.378839 0 28.563
0.922265 0.370837 0 28.594
0.90619 0.362046 0 28.625
0.881869 0.347273 0 28.672
0.865863 0.336618 0 28.703
0.841656 0.319162 0 28.75
0.825731 0.30684 0 28.781
0.801658 0.287024 0 28.828
0.78583 0.273263 0 28.859
0.769537 0.258532 0 28.891
0.745699 0.236027 0 28.938
0.730045 0.220683 0 28.969
0.706428 0.196781 0 29.016
0.69094 0.180665 0 29.047
0.667617 0.155824 0 29.094
0.652355 0.139242 0 29.125
0.637206 0.122558 0 29.156
0.614487 0.0971692 0 29.203
0.592128 0.0717983 0 29.25
0.577613 0.0551371 0 29.281
0.562855 0.038038 0 29.313
0.542096 0.0136878 0 29.359
0.521527 -0.0108655 0 29.406
0.507945 -0.0273853 0 29.438
0.495147 -0.043244 0 29.469
0.476482 -0.0670582 0 29.516
0.464692 -0.0826586 0 29.547
0.447659 -0.10626 0 29.594
0.436997 -0.121877 0 29.625
0.42171 -0.145805 0 29.672
0.412196 -0.161872 0 29.703
0.40311 -0.178267 0 29.734
0.39008 -0.203966 0 29.781
0.381648 -0.2222 0 29.813
0.369987 -0.249714 0 29.859
0.362069 -0.269914 0 29.891
0.350473 -0.301408 0 29.938
0.342676 -0.323497 0 29.969
0.330298 -0.359168 0 30.016
0.321563 -0.384218 0 30.047
0.312205 -0.410524 0 30.078
0.296496 -0.452843 0 30.125
0.284917 -0.482359 0 30.156
0.265163 -0.529476 0 30.203
0.250498 -0.562047 0 30.234
0.23386 -0.596835 0 30.266
0.206455 -0.649896 0 30.313
0.186347 -0.686039 0 30.344
0.152671 -0.742323 0 30.391
0.128329 -0.780277 0 30.422
0.0882122 -0.83882 0 30.469
0.0596744 -0.877953 0 30.5
0.0133747 -0.937843 0 30.547
-0.019076 -0.977598 0 30.578
-0.0709977 -1.03807 0 30.625
-0.106929 -1.078 0 30.656
-0.163763 -1.13847 0 30.703
-0.202691 -1.17822 0 30.734
-0.243986 -1.2191 0 30.766
-0.306528 -1.27872 0 30.813
-0.348914 -1.31769 0 30.844
-0.414748 -1.37605 0 30.891
-0.459127 -1.41394 0 30.922
-0.527733 -1.47016 0 30.969
-0.573776 -1.5062 0 31
-0.62038 -1.54116 0 31.031
-0.691937 -1.59144 0 31.078
-0.739562 -1.6222 0 31.109
-0.811955 -1.66371 0 31.156
-0.860883 -1.68713 0 31.188
-0.92931 -1.71096 0 31.234
-0.97412 -1.71829 0 31.266
-1.01367 -1.71613 0 31.297
-1.06257 -1.69291 0 31.344
-1.0856 -1.66468 0 31.375
-1.1059 -1.60642 0 31.422
-1.11064 -1.5609 0 31.453
-1.10724 -1.48562 0 31.5
-1.09936 -1.43362 0 31.531
-1.08072 -1.35325 0 31.578
-1.06482 -1.29998 0 31.609
-1.03631 -1.21966 0 31.656
-1.01435 -1.16563 0 31.688
-0.991407 -1.11398 0 31.719
-0.95395 -1.03721 0 31.766
-0.927723 -0.987713 0 31.797
-0.886 -0.914532 0 31.844
-0.857359 -0.867552 0 31.875
-0.812489 -0.798345 0 31.922
-0.782065 -0.754057 0 31.953
-0.734881 -0.688997 0 32
-0.703162 -0.647467 0 32.031
-0.67 -0.605748 0 32.063
-0.621709 -0.547813 0 32.109
-0.587766 -0.508912 0 32.141
-0.537518 -0.453828 0 32.188
-0.504189 -0.418808 0 32.219
-0.470759 -0.384809 0 32.25
-0.419969 -0.335164 0 32.297
-0.386451 -0.303642 0 32.328
-0.335681 -0.257644 0 32.375
-0.302263 -0.228456 0 32.406
-0.251754 -0.185893 0 32.453
-0.218566 -0.158906 0 32.484
-0.168462 -0.119596 0 32.531
-0.134504 -0.0939212 0 32.563
-0.101727 -0.0698809 0 32.594
-0.0522458 -0.0349893 0 32.641
-0.0197388 -0.013006 0 32.672
0.029378 0.018742 0 32.719
0.0616824 0.0386206 0 32.75
0.110557 0.0671065 0 32.797
0.142745 0.0847751 0 32.828
0.174913 0.101527 0 32.859
0.22367 0.125119 0 32.906
0.256874 0.139897 0 32.938
0.304641 0.159249 0 32.984
0.337904 0.171355 0 33.016
0.386824 0.187048 0 33.063
0.419136 0.196002 0 33.094
0.468195 0.207397 0 33.141
0.500597 0.213439 0 33.172
0.533028 0.218284 0 33.203
0.582244 0.223298 0 33.25
0.614725 0.225036 0 33.281
0.663977 0.225244 0 33.328
0.696451 0.223753 0 33.359
0.745639 0.218979 0 33.406
0.779074 0.213969 0 33.438
0.827023 0.204229 0 33.484
0.860273 0.195665 0 33.516
0.892379 0.185951 0 33.547
0.940814 0.168531 0 33.594
0.97257 0.155245 0 33.625
1.02036 0.132345 0 33.672
1.05162 0.115405 0 33.703
1.09852 0.0869067 0 33.75
1.1291 0.066238 0 33.781
1.16032 0.0433289 0 33.813
1.20452 0.00757659 0 33.859
1.23473 -0.0192691 0 33.891
1.2782 -0.0616538 0 33.938
1.30621 -0.091542 0 33.969
1.34757 -0.139795 0 34.016
1.37403 -0.173562 0 34.047
1.39977 -0.208871 0 34.078
1.43728 -0.265338 0 34.125
1.46092 -0.304507 0 34.156
1.49488 -0.366784 0 34.203
1.51591 -0.409746 0 34.234
1.54547 -0.477686 0 34.281
1.56381 -0.52583 0 34.313
1.58731 -0.597616 0 34.359
1.60142 -0.649266 0 34.391
1.61314 -0.700559 0 34.422
1.62674 -0.780472 0 34.469
1.6326 -0.834411 0 34.5
1.63599 -0.917614 0 34.547
1.63407 -0.973082 0 34.578
1.62836 -1.02865 0 34.609
1.61142 -1.11211 0 34.656
1.59342 -1.16754 0 34.688
1.55728 -1.24357 0 34.734
1.52465 -1.29281 0 34.766
1.46578 -1.35807 0 34.813
1.42047 -1.39596 0 34.844
1.34368 -1.44546 0 34.891
1.2888 -1.47315 0 34.922
1.23138 -1.4973 0 34.953
1.14077 -1.52798 0 35
1.07934 -1.54485 0 35.031
0.984579 -1.56613 0 35.078
0.921399 -1.57773 0 35.109
0.855877 -1.58798 0 35.141
0.759459 -1.60027 0 35.188
0.695943 -1.60685 0 35.219
0.600037 -1.6149 0 35.266
0.537164 -1.61913 0 35.297
0.442598 -1.62424 0 35.344
0.380802 -1.62691 0 35.375
0.288087 -1.63021 0 35.422
0.227618 -1.63202 0 35.453
0.167713 -1.63367 0 35.484
0.0779857 -1.63605 0 35.531
0.0176542 -1.63772 0 35.563
-0.0680005 -1.64036 0 35.609
-0.126848 -1.64245 0 35.641
-0.212192 -1.64606 0 35.688
-0.267774 -1.64883 0 35.719
-0.322786 -1.65194 0 35.75
-0.40507 -1.65732 0 35.797
-0.45856 -1.6613 0 35.828
-0.538358 -1.66791 0 35.875
-0.590036 -1.67258 0 35.906
-0.666706 -1.67992 0 35.953
-0.715987 -1.68477 0 35.984
-0.76559 -1.68959 0 36.016
-0.835656 -1.69585 0 36.063
-0.879695 -1.69904 0 36.094
-0.942415 -1.70152 0 36.141
-0.980625 -1.70093 0 36.172
-1.0329 -1.69527 0 36.219
-1.06323 -1.68755 0 36.25
-1.0901 -1.67608 0 36.281
-1.12436 -1.65099 0 36.328
-1.1431 -1.6294 0 36.359
-1.1667 -1.58991 0 36.406
-1.18015 -1.55915 0 36.438
-1.19676 -1.51086 0 36.484
-1.20689 -1.47521 0 36.516
-1.22028 -1.42089 0 36.563
-1.22837 -1.3843 0 36.594
-1.23603 -1.34742 0 36.625
-1.24701 -1.29144 0 36.672
-1.25392 -1.25473 0 36.703
-1.26403 -1.19971 0 36.75
-1.2705 -1.16401 0 36.781
-1.28008 -1.11095 0 36.828
-1.28628 -1.07675 0 36.859
-1.29259 -1.04219 0 36.891
-1.30172 -0.992849 0 36.938
-1.30768 -0.961285 0 36.969
-1.31661 -0.914971 0 37.016
-1.32244 -0.885466 0 37.047
-1.33121 -0.842351 0 37.094
-1.33695 -0.814996 0 37.125
-1.34266 -0.788511 0 37.156
-1.35126 -0.750031 0 37.203
-1.35689 -0.725764 0 37.234
-1.36537 -0.690673 0 37.281
-1.37111 -0.667959 0 37.313
-1.37931 -0.636991 0 37.359
-1.38498 -0.616624 0 37.391
-1.39327 -0.588467 0 37.438
-1.3987 -0.571047 0 37.469
-1.40412 -0.554545 0 37.5
-1.41229 -0.531286 0 37.547
-1.42042 -0.510162 0 37.594
-1.42851 -0.491185 0 37.641
-1.43384 -0.479851 0 37.672
-1.44189 -0.46447 0 37.719
-1.4472 -0.455521 0 37.75
-1.45523 -0.443774 0 37.797
-1.46053 -0.437233 0 37.828
-1.46857 -0.429157 0 37.875
-1.47388 -0.425049 0 37.906
-1.48194 -0.420677 0 37.953
-1.48727 -0.419021 0 37.984
-1.49538 -0.41838 0 38.031
-1.50092 -0.419235 0 38.063
-1.50892 -0.422303 0 38.109
-1.51451 -0.425719 0 38.141
-1.52275 -0.432643 0 38.188
-1.52821 -0.438453 0 38.219
-1.53653 -0.449145 0 38.266
-1.54204 -0.457438 0 38.297
-1.55043 -0.471888 0 38.344
-1.55598 -0.482654 0 38.375
-1.56442 -0.500839 0 38.422
-1.57 -0.514056 0 38.453
-1.57846 -0.535932 0 38.5
-1.58403 -0.551563 0 38.531
-1.58978 -0.56869 0 38.563
-1.59799 -0.595049 0 38.609
-1.60365 -0.614578 0 38.641
-1.61188 -0.64499 0 38.688
-1.61722 -0.666149 0 38.719
-1.62513 -0.699833 0 38.766
-1.63019 -0.723067 0 38.797
-1.6351 -0.747069 0 38.828
-1.64215 -0.784833 0 38.875
-1.64649 -0.810572 0 38.906
-1.65245 -0.850701 0 38.953
-1.65587 -0.877787 0 38.984
-1.66004 -0.919557 0 39.031
-1.662 -0.948308 0 39.063
-1.66306 -0.976244 0 39.094
-1.66267 -1.0184 0 39.141
-1.6592 -1.05976 0 39.188
-1.65477 -1.08626 0 39.219
-1.64829 -1.1119 0 39.25
-1.63381 -1.14873 0 39.297
-1.62076 -1.17146 0 39.328
-1.59507 -1.20339 0 39.375
-1.57407 -1.22285 0 39.406
-1.53612 -1.25022 0 39.453
-1.50726 -1.26715 0 39.484
-1.47453 -1.28393 0 39.516
-1.4216 -1.30777 0 39.563
-1.38389 -1.32323 0 39.594
-1.32305 -1.34665 0 39.641
-1.28079 -1.36225 0 39.672
-1.21392 -1.38636 0 39.719
-1.16816 -1.40268 0 39.75
-1.09655 -1.42815 0 39.797
-1.04796 -1.44548 0 39.828
-0.972389 -1.47259 0 39.875
-0.92134 -1.49104 0 39.906
-0.867667 -1.51053 0 39.938
-0.788789 -1.53932 0 39.984
-0.732713 -1.55982 0 40.016
-0.648524 -1.59053 0 40.063
-0.591773 -1.61109 0 40.094
-0.534021 -1.63179 0 40.125
-0.444493 -1.66328 0 40.172
-0.384106 -1.68396 0 40.203
-0.290466 -1.71488 0 40.25
-0.227304 -1.73479 0 40.281
-0.129403 -1.76386 0 40.328
-0.063425 -1.78203 0 40.359
0.0386867 -1.80756 0 40.406
0.109585 -1.82319 0 40.438
0.17926 -1.83666 0 40.469
0.286556 -1.85328 0 40.516
0.358234 -1.86121 0 40.547
0.46782 -1.86754 0 40.594
0.540319 -1.86724 0 40.625
0.649639 -1.85857 0 40.672
0.720619 -1.84655 0 40.703
0.789984 -1.82889 0 40.734
0.890476 -1.79052 0 40.781
0.954583 -1.7563 0 40.813
1.03923 -1.69644 0 40.859
1.09243 -1.64838 0 40.891
1.16202 -1.57041 0 40.938
1.20258 -1.51537 0 40.969
1.25661 -1.42828 0 41.016
1.28775 -1.36928 0 41.047
1.31563 -1.30959 0 41.078
1.35226 -1.2186 0 41.125
1.37304 -1.15867 0 41.156
1.39996 -1.06854 0 41.203
1.41496 -1.00983 0 41.234
1.42835 -0.950021 0 41.266
1.4445 -0.863889 0 41.313
1.45307 -0.808332 0 41.344
1.46322 -0.726187 0 41.391
1.46821 -0.673465 0 41.422
1.47344 -0.595853 0 41.469
1.47551 -0.546239 0 41.5
1.47677 -0.473468 0 41.547
1.47648 -0.427106 0 41.578
1.47539 -0.382055 0 41.609
1.47237 -0.316257 0 41.656
1.46947 -0.273183 0 41.688
1.46426 -0.213699 0 41.734
1.45998 -0.173999 0 41.766
1.45285 -0.118163 0 41.813
1.44766 -0.0829264 0 41.844
1.43915 -0.0318808 0 41.891
1.43317 0.000240187 0 41.922
1.42693 0.0311484 0 41.953
1.41704 0.0757285 0 42
1.41026 0.103649 0 42.031
1.39967 0.143769 0 42.078
1.39249 0.168791 0 42.109
1.38494 0.193437 0 42.141
1.37365 0.227482 0 42.188
1.36607 0.248553 0 42.219
1.35443 0.278428 0 42.266
1.34666 0.296781 0 42.297
1.33477 0.322582 0 42.344
1.32686 0.338278 0 42.375
1.31478 0.360091 0 42.422
1.30677 0.373181 0 42.453
1.29873 0.385248 0 42.484
1.28649 0.401608 0 42.531
1.27812 0.411422 0 42.563
1.26607 0.423666 0 42.609
1.25766 0.430895 0 42.641
1.2453 0.439613 0 42.688
1.23714 0.444133 0 42.719
1.22897 0.447683 0 42.75
1.21659 0.451226 0 42.797
1.20843 0.452359 0 42.828
1.19606 0.452266 0 42.875
1.1879 0.45102 0 42.906
1.17556 0.447351 0 42.953
1.16744 0.443767 0 42.984
1.15515 0.436588 0 43.031
1.1468 0.430508 0 43.063
1.13874 0.423708 0 43.094
1.12656 0.411709 0 43.141
1.11856 0.402694 0 43.172
1.10648 0.387384 0 43.219
1.09856 0.376218 0 43.25
1.09067 0.364216 0 43.281
1.0788 0.344451 0 43.328
1.07102 0.330398 0 43.359
1.05933 0.30758 0 43.406
1.05145 0.291023 0 43.438
1.04023 0.265801 0 43.484
1.03252 0.247285 0 43.516
1.02135 0.218675 0 43.563
1.01408 0.198897 0 43.594
1.00324 0.167559 0 43.641
0.996218 0.146005 0 43.672
0.989299 0.123752 0 43.703
0.979021 0.0886813 0 43.75
0.972387 0.0646662 0 43.781
0.962555 0.0268966 0 43.828
0.95622 0.00106892 0 43.859
0.946832 -0.0395249 0 43.906
0.940579 -0.0681912 0 43.938
0.934614 -0.0967914 0 43.969
0.925702 -0.141791 0 44.016
0.919873 -0.172611 0 44.047
0.911027 -0.221183 0 44.094
0.905123 -0.254507 0 44.125
0.899101 -0.288913 0 44.156
0.889609 -0.343254 0 44.203
0.883001 -0.380603 0 44.234
0.872244 -0.439625 0 44.281
0.864266 -0.481521 0 44.313
0.851618 -0.544241 0 44.359
0.841833 -0.589632 0 44.391
0.825707 -0.658918 0 44.438
0.813762 -0.706302 0 44.469
0.800649 -0.754991 0 44.5
0.778303 -0.831197 0 44.547
0.761792 -0.882947 0 44.578
0.733842 -0.96347 0 44.625
0.713363 -1.01781 0 44.656
0.679039 -1.1018 0 44.703
0.65415 -1.15808 0 44.734
0.626521 -1.21677 0 44.766
0.58227 -1.30373 0 44.813
0.550634 -1.36136 0 44.844
0.498861 -1.44871 0 44.891
0.462142 -1.50603 0 44.922
0.402459 -1.59188 0 44.969
0.360367 -1.64739 0 45
0.316032 -1.70161 0 45.031
0.244363 -1.78027 0 45.078
0.194031 -1.82889 0 45.109
0.112895 -1.89542 0 45.156
0.0543118 -1.93379 0 45.188
-0.0342015 -1.97488 0 45.234
-0.0979183 -1.99054 0 45.266
-0.160088 -1.99342 0 45.297
-0.252011 -1.97339 0 45.344
-0.30928 -1.94548 0 45.375
-0.389318 -1.88597 0 45.422
-0.437454 -1.83841 0 45.453
-0.503753 -1.75788 0 45.5
-0.543414 -1.70092 0 45.531
-0.581239 -1.63994 0 45.563
-0.630489 -1.54972 0 45.609
-0.675043 -1.45571 0 45.656
-0.702262 -1.39122 0 45.688
-0.726341 -1.32868 0 45.719
-0.758738 -1.23421 0 45.766
-0.777497 -1.17238 0 45.797
-0.802148 -1.07976 0 45.844
-0.815995 -1.01962 0 45.875
-0.833487 -0.930168 0 45.922
-0.842807 -0.872478 0 45.953
-0.850446 -0.815946 0 45.984
-0.858983 -0.732639 0 46.031
-0.86282 -0.677697 0 46.063
-0.865747 -0.601405 0 46.109
-0.866124 -0.550281 0 46.141
-0.864457 -0.478187 0 46.188
-0.862057 -0.432621 0 46.219
-0.85874 -0.388646 0 46.25
-0.852182 -0.325001 0 46.297
-0.846986 -0.284999 0 46.328
-0.838021 -0.22728 0 46.375
-0.831513 -0.191093 0 46.406
-0.820938 -0.138972 0 46.453
-0.813595 -0.106335 0 46.484
-0.80578 -0.0740315 0 46.516
-0.793984 -0.0290208 0 46.563
-0.786057 -0.000839955 0 46.594
-0.773903 0.0397324 0 46.641
-0.765834 0.0651441 0 46.672
-0.75357 0.101742 0 46.719
-0.745479 0.124668 0 46.75
-0.733231 0.157679 0 46.797
-0.725171 0.178347 0 46.828
-0.717126 0.198165 0 46.859
-0.704957 0.226644 0 46.906
-0.696688 0.244979 0 46.938
-0.684811 0.269874 0 46.984
-0.676551 0.286191 0 47.016
-0.664408 0.308683 0 47.063
-0.656385 0.322565 0 47.094
-0.648344 0.335691 0 47.125
-0.636111 0.354151 0 47.172
-0.628009 0.365374 0 47.203
-0.615664 0.380936 0 47.25
-0.607477 0.390238 0 47.281
-0.598985 0.399032 0 47.313
-0.586699 0.410225 0 47.359
-0.574045 0.419885 0 47.406
-0.565367 0.425427 0 47.438
-0.55691 0.429992 0 47.469
-0.54399 0.435395 0 47.516
-0.535402 0.437954 0 47.547
-0.522274 0.440307 0 47.594
-0.513542 0.44085 0 47.625
-0.500187 0.440146 0 47.672
-0.491297 0.438676 0 47.703
-0.482338 0.43641 0 47.734
-0.468616 0.431467 0 47.781
-0.45917 0.42707 0 47.813
-0.44543 0.419306 0 47.859
-0.435749 0.412915 0 47.891
-0.421328 0.402085 0 47.938
-0.41167 0.394024 0 47.969
-0.401884 0.385251 0 48
-0.386776 0.370634 0 48.047
-0.376612 0.360156 0 48.078
-0.360859 0.343063 0 48.125
-0.350217 0.331033 0 48.156
-0.338999 0.31802 0 48.188
-0.322408 0.298332 0 48.234
-0.310508 0.284007 0 48.266
-0.292429 0.262138 0 48.313
-0.280072 0.247239 0 48.344
-0.260605 0.224051 0 48.391
-0.247235 0.208438 0 48.422
-0.226076 0.184423 0 48.469
-0.211483 0.168443 0 48.5
-0.196342 0.152422 0 48.531
-0.172264 0.128195 0 48.578
-0.15559 0.112352 0 48.609
